6.619978247647563670e-10
1.966901214013664084e-09
3.271804603262571594e-09
4.576707992511479105e-09
5.229159687135933274e-09
6.534063076384840784e-09
7.838966465633748294e-09
9.143869854882656632e-09
1.044877324413156497e-08
1.175367663338047165e-08
1.305858002262937999e-08
1.436348341187828667e-08
1.566838680112719832e-08
1.697329019037610666e-08
1.827819357962501169e-08
1.958309696887392002e-08
2.088800035812282836e-08
2.219290374737173670e-08
2.349780713662064173e-08
2.480271052586955006e-08
2.610761391511845840e-08
2.741251730436736674e-08
2.871742069361627508e-08
3.002232408286518011e-08
3.197967916673854096e-08
3.328458255598745260e-08
3.458948594523635763e-08
3.589438933448526928e-08
3.785174441835863013e-08
3.915664780760753516e-08
4.046155119685644019e-08
4.241890628072980104e-08
4.372380966997871269e-08
4.568116475385207354e-08
4.698606814310098519e-08
4.894342322697434604e-08
5.024832661622325107e-08
5.220568170009661192e-08
5.416303678396997277e-08
5.612039186784333362e-08
5.742529525709224527e-08
5.938265034096560612e-08
6.134000542483896697e-08
6.329736050871232782e-08
6.590716728721013788e-08
6.786452237108351197e-08
6.982187745495687282e-08
7.243168423345466964e-08
7.438903931732803049e-08
7.699884609582585379e-08
7.895620117969921464e-08
8.156600795819703793e-08
8.417581473669484799e-08
8.678562151519265805e-08
9.004787998831493054e-08
9.265768676681275384e-08
9.591994523993501310e-08
9.852975201843283639e-08
1.017920104915550957e-07
1.057067206593018174e-07
1.089689791324240899e-07
1.128836893001708116e-07
1.167983994679175333e-07
1.207131096356642682e-07
1.246278198034109899e-07
1.291949816657821608e-07
1.337621435281533317e-07
1.389817570851489783e-07
1.442013706421445984e-07
1.494209841991402185e-07
1.552930494507603143e-07
1.618175663970048593e-07
1.683420833432494043e-07
1.755190519841183985e-07
1.833484723196118419e-07
1.911778926551052853e-07
2.003122163798476272e-07
2.100989917992144447e-07
2.205382189132057114e-07
2.316298977218214273e-07
2.446789316143104643e-07
2.583804172014240035e-07
2.740392578724108903e-07
2.910030019326467285e-07
3.099241010767558613e-07
3.321074586939873461e-07
3.569006230897165747e-07
3.856084976531924986e-07
4.195359857736641220e-07
4.593355391457558412e-07
5.069645128533410038e-07
5.663376170641663050e-07
6.400646585567295946e-07
7.353226059718999198e-07
8.638555898129172604e-07
1.046542064307764309e-06
1.326443841301654924e-06
1.808605643629126275e-06
2.840131772830388092e-06
6.604778050813486690e-06
