1.000000000000000021e-08
6.934724490816359949e-07
6.934724490816359949e-07
1.376944898163271874e-06
1.376944898163271874e-06
2.060417347244907858e-06
2.060417347244907858e-06
2.743889796326543843e-06
2.743889796326543843e-06
2.743889796326543843e-06
3.427362245408179828e-06
3.427362245408179828e-06
4.110834694489815813e-06
4.110834694489815813e-06
4.794307143571451797e-06
4.794307143571451797e-06
5.477779592653087782e-06
5.477779592653087782e-06
6.161252041734723767e-06
6.161252041734723767e-06
6.844724490816359751e-06
6.844724490816359751e-06
7.528196939897995736e-06
7.528196939897995736e-06
8.211669388979631721e-06
8.211669388979631721e-06
8.895141838061268553e-06
8.895141838061268553e-06
8.895141838061268553e-06
9.578614287142903690e-06
9.578614287142903690e-06
1.026208673622453883e-05
1.026208673622453883e-05
1.094555918530617566e-05
1.094555918530617566e-05
1.162903163438781249e-05
1.162903163438781249e-05
1.231250408346944763e-05
1.231250408346944763e-05
1.299597653255108277e-05
1.299597653255108277e-05
1.367944898163271960e-05
1.367944898163271960e-05
1.436292143071435643e-05
1.436292143071435643e-05
1.504639387979599157e-05
1.504639387979599157e-05
1.572986632887762840e-05
1.572986632887762840e-05
1.641333877795926523e-05
1.641333877795926523e-05
1.709681122704090206e-05
1.709681122704090206e-05
1.778028367612253890e-05
1.778028367612253890e-05
1.846375612520417234e-05
1.846375612520417234e-05
1.914722857428580917e-05
1.914722857428580917e-05
1.983070102336744600e-05
1.983070102336744600e-05
2.051417347244907945e-05
2.051417347244907945e-05
2.119764592153071628e-05
2.119764592153071628e-05
2.188111837061235311e-05
2.188111837061235311e-05
2.256459081969398994e-05
2.256459081969398994e-05
2.324806326877562677e-05
2.324806326877562677e-05
2.393153571785726022e-05
2.393153571785726022e-05
2.461500816693889705e-05
2.461500816693889705e-05
2.529848061602053388e-05
2.529848061602053388e-05
2.598195306510216732e-05
2.598195306510216732e-05
2.666542551418380416e-05
2.666542551418380416e-05
2.734889796326544099e-05
2.734889796326544099e-05
2.803237041234707782e-05
2.803237041234707782e-05
2.871584286142871465e-05
2.871584286142871465e-05
2.939931531051034809e-05
2.939931531051034809e-05
3.008278775959198493e-05
3.008278775959198493e-05
3.076626020867362176e-05
3.144973265775525520e-05
3.144973265775525520e-05
3.213320510683689542e-05
3.213320510683689542e-05
3.281667755591852886e-05
3.281667755591852886e-05
3.350015000500016231e-05
3.350015000500016231e-05
3.418362245408180253e-05
3.418362245408180253e-05
3.486709490316343597e-05
3.555056735224507619e-05
3.555056735224507619e-05
3.623403980132670964e-05
3.623403980132670964e-05
3.691751225040834308e-05
3.691751225040834308e-05
3.760098469948998330e-05
3.828445714857161674e-05
3.828445714857161674e-05
3.896792959765325019e-05
3.896792959765325019e-05
3.965140204673489041e-05
3.965140204673489041e-05
4.033487449581652385e-05
4.101834694489815729e-05
4.101834694489815729e-05
4.170181939397979751e-05
4.170181939397979751e-05
4.238529184306143096e-05
4.306876429214307118e-05
4.306876429214307118e-05
4.375223674122470462e-05
4.375223674122470462e-05
4.443570919030633806e-05
4.511918163938797828e-05
4.511918163938797828e-05
4.580265408846961173e-05
4.580265408846961173e-05
4.648612653755125195e-05
4.716959898663288539e-05
4.716959898663288539e-05
4.785307143571451883e-05
4.785307143571451883e-05
4.853654388479615905e-05
4.922001633387779250e-05
4.922001633387779250e-05
4.990348878295942594e-05
5.058696123204106616e-05
5.058696123204106616e-05
5.127043368112269961e-05
5.195390613020433305e-05
5.195390613020433305e-05
5.263737857928597327e-05
5.332085102836760671e-05
5.332085102836760671e-05
5.400432347744924693e-05
5.468779592653088038e-05
5.468779592653088038e-05
5.537126837561251382e-05
5.605474082469415404e-05
5.605474082469415404e-05
5.673821327377578748e-05
5.742168572285742770e-05
5.742168572285742770e-05
5.810515817193906115e-05
5.878863062102069459e-05
5.947210307010233481e-05
5.947210307010233481e-05
6.015557551918396825e-05
6.083904796826560170e-05
6.083904796826560170e-05
6.152252041734723514e-05
6.220599286642887536e-05
6.288946531551050203e-05
6.288946531551050203e-05
6.357293776459214225e-05
6.425641021367378247e-05
6.493988266275540914e-05
6.493988266275540914e-05
6.562335511183704936e-05
6.630682756091868957e-05
6.699030001000031624e-05
6.767377245908195646e-05
6.767377245908195646e-05
6.835724490816359668e-05
6.904071735724522335e-05
6.972418980632686357e-05
7.040766225540850379e-05
7.040766225540850379e-05
7.109113470449014401e-05
7.177460715357177068e-05
7.245807960265341090e-05
7.314155205173505112e-05
7.382502450081667778e-05
7.382502450081667778e-05
7.450849694989831800e-05
7.519196939897995822e-05
7.587544184806158489e-05
7.655891429714322511e-05
7.724238674622486533e-05
7.792585919530649200e-05
7.792585919530649200e-05
7.860933164438813222e-05
7.929280409346977244e-05
7.997627654255139910e-05
8.065974899163303932e-05
8.134322144071467954e-05
8.202669388979630621e-05
8.271016633887794643e-05
8.339363878795958665e-05
8.407711123704122687e-05
8.476058368612285354e-05
8.544405613520449376e-05
8.612752858428613398e-05
8.681100103336776065e-05
8.749447348244940087e-05
8.817794593153104109e-05
8.886141838061266775e-05
8.954489082969430797e-05
9.022836327877594819e-05
9.091183572785757486e-05
9.159530817693921508e-05
9.227878062602085530e-05
9.296225307510249552e-05
9.364572552418412219e-05
9.432919797326576241e-05
9.501267042234740263e-05
9.569614287142902929e-05
9.706308776959230973e-05
9.774656021867393640e-05
9.843003266775557662e-05
9.911350511683721684e-05
9.979697756591884351e-05
1.004804500150004837e-04
1.011639224640821239e-04
1.025308673622453908e-04
1.032143398113270311e-04
1.038978122604086577e-04
1.045812847094902979e-04
1.059482296076535784e-04
1.066317020567352051e-04
1.073151745058168453e-04
1.079986469548984855e-04
1.093655918530617524e-04
1.100490643021433926e-04
1.107325367512250193e-04
1.120994816493882997e-04
1.127829540984699264e-04
1.134664265475515666e-04
1.148333714457148470e-04
1.155168438947964737e-04
1.162003163438781139e-04
1.175672612420413808e-04
1.182507336911230210e-04
1.196176785892862879e-04
1.203011510383679281e-04
1.216680959365311950e-04
1.223515683856128352e-04
1.237185132837761157e-04
1.244019857328577559e-04
1.257689306310210092e-04
1.264524030801026495e-04
1.278193479782659299e-04
1.291862928764291832e-04
1.298697653255108234e-04
1.312367102236741039e-04
1.326036551218373843e-04
1.332871275709190245e-04
1.346540724690822779e-04
1.360210173672455583e-04
1.373879622654088388e-04
1.380714347144904519e-04
1.394383796126537323e-04
1.408053245108170128e-04
1.421722694089802932e-04
1.435392143071435465e-04
1.449061592053068270e-04
1.462731041034701074e-04
1.476400490016333607e-04
1.490069938997966412e-04
1.503739387979599216e-04
1.517408836961231750e-04
1.531078285942864554e-04
1.544747734924497358e-04
1.558417183906129892e-04
1.572086632887762696e-04
1.592590806360211903e-04
1.606260255341844436e-04
1.619929704323477240e-04
1.633599153305110045e-04
1.654103326777558980e-04
1.667772775759191785e-04
1.688276949231640720e-04
1.701946398213273525e-04
1.722450571685722731e-04
1.736120020667355265e-04
1.756624194139804471e-04
1.770293643121437276e-04
1.790797816593886211e-04
1.811301990066335418e-04
1.831806163538784353e-04
1.845475612520417158e-04
1.865979785992866093e-04
1.886483959465315300e-04
1.906988132937764235e-04
1.927492306410213442e-04
1.947996479882662378e-04
1.975335377845927986e-04
1.995839551318376922e-04
2.016343724790826129e-04
2.036847898263275064e-04
2.064186796226540673e-04
2.084690969698989608e-04
2.112029867662255217e-04
2.132534041134704153e-04
2.159872939097969762e-04
2.187211837061235099e-04
2.214550735024500437e-04
2.241889632987766046e-04
2.269228530951031384e-04
2.296567428914296992e-04
2.323906326877562330e-04
2.351245224840827668e-04
2.385418847294909408e-04
2.412757745258175017e-04
2.446931367712256757e-04
2.474270265675522365e-04
2.508443888129604105e-04
2.542617510583685845e-04
2.576791133037767585e-04
2.610964755491849325e-04
2.651973102436747738e-04
2.686146724890829478e-04
2.727155071835727349e-04
2.761328694289809089e-04
2.802337041234707503e-04
2.843345388179605916e-04
2.891188459615319918e-04
2.932196806560218331e-04
2.980039877995932875e-04
3.021048224940830747e-04
3.068891296376545291e-04
3.123569092303076509e-04
3.171412163738791053e-04
3.226089959665321728e-04
3.273933031101036273e-04
3.328610827027566948e-04
3.390123347444914297e-04
3.444801143371445514e-04
3.506313663788792321e-04
3.574660908696956343e-04
3.636173429114303150e-04
3.704520674022467172e-04
3.772867918930630652e-04
3.848049888329610805e-04
3.923231857728590416e-04
3.998413827127570569e-04
4.080430521017366853e-04
4.169281939397979269e-04
4.258133357778592226e-04
4.346984776159204642e-04
4.442670919030633730e-04
4.545191786392879492e-04
4.647712653755124712e-04
4.757068245608186605e-04
4.866423837461247956e-04
4.989448878295943196e-04
5.112473919130637893e-04
5.242333684456148722e-04
5.385862898763291813e-04
5.529392113070435988e-04
5.679756051868395210e-04
5.843789439647987779e-04
6.014657551918397562e-04
6.199195113170438524e-04
6.390567398913296702e-04
6.595609133637788226e-04
6.814320317343910928e-04
7.046700950031666976e-04
7.292751031701056371e-04
7.566140011333711375e-04
7.853198439947997557e-04
8.160761042034734300e-04
8.495662542084735569e-04
8.857902940098002446e-04
9.254316960565352147e-04
9.684904603486782504e-04
1.015650059335311073e-03
1.068277437914597018e-03
1.126372596086536084e-03
1.190619006300209885e-03
1.263067085902863261e-03
1.344400307343577823e-03
1.437352560418680460e-03
1.543974262475415575e-03
1.666999303310110056e-03
1.811895462515417023e-03
1.984813992133070779e-03
2.193273089102969718e-03
2.450942202406746536e-03
2.776958560618686834e-03
3.203445368845627729e-03
3.784396950565018392e-03
4.621650700690022213e-03
5.935284747824926856e-03
8.291897752258407805e-03
1.375284262042067961e-02
