0.0 	0.0	0.0	0.0	0.0	1.0	0.0	0.0	0.0	
0.2 	0.0	0.0	0.0	0.0	0.5566892306267203	-0.8266209443308637	0.0	0.0	
0.4 	0.0	0.0	0.0	0.0	-0.3716786296387108	-0.9137933640023091	0.0	0.0	
0.6000000000000001 	0.0	0.0	0.0	0.0	-0.9500417823105644	-0.19629874270688802	0.0	0.0	
0.8 	0.0	0.0	0.0	0.0	-0.6743582091652931	0.6664808439445807	0.0	0.0	
1.0 	0.0	0.0	0.0	0.0	0.1787488567246855	0.9039095599399707	0.0	0.0	
1.2000000000000002 	0.0	0.0	0.0	0.0	0.8255969839771404	0.33480057010763076	0.0	0.0	
1.4000000000000001 	0.0	0.0	0.0	0.0	0.7032385095840815	-0.4907771242819821	0.0	0.0	
1.6 	0.0	0.0	0.0	0.0	-0.03098528669625552	-0.8217540915035979	0.0	0.0	
1.8 	0.0	0.0	0.0	0.0	-0.6786568547878673	-0.3967756867419727	0.0	0.0	
2.0 	0.0	0.0	0.0	0.0	-0.6650370589574015	0.34621679119837645	0.0	0.0	
2.2 	0.0	0.0	0.0	0.0	-0.05477759653361723	0.7118091630334439	0.0	0.0	
2.4000000000000004 	0.0	0.0	0.0	0.0	0.5492254517737514	0.39946435920327183	0.0	0.0	
2.6 	0.0	0.0	0.0	0.0	0.5961952286143005	-0.24814690912573026	0.0	0.0	
2.8000000000000003 	0.0	0.0	0.0	0.0	0.09117161275831627	-0.6072350358957672	0.0	0.0	
3.0 	0.0	0.0	0.0	0.0	-0.4509103616380218	-0.3711454675954633	0.0	0.0	
3.2 	0.0	0.0	0.0	0.0	-0.5227675212452982	0.18846039103061776	0.0	0.0	
3.4000000000000004 	0.0	0.0	0.0	0.0	-0.09828664323254373	0.519883980531407	0.0	0.0	
3.6 	0.0	0.0	0.0	0.0	0.3801296897381016	0.3311641874441495	0.0	0.0	
3.8000000000000003 	0.0	0.0	0.0	0.0	0.4553173730429221	-0.15449323113403102	0.0	0.0	
4.0 	0.0	0.0	0.0	0.0	0.08997187565751881	-0.45009934610452434	0.0	0.0	
4.2 	0.0	0.0	0.0	0.0	-0.32997896628140705	-0.28899278080661656	0.0	0.0	
4.4 	0.0	0.0	0.0	0.0	-0.3967517382076658	0.13669993381264445	0.0	0.0	
4.6000000000000005 	0.0	0.0	0.0	0.0	-0.07424619709180573	0.39503115242232	0.0	0.0	
4.800000000000001 	0.0	0.0	0.0	0.0	0.29447731746904854	0.2487623379543211	0.0	0.0	
5.0 	0.0	0.0	0.0	0.0	0.34703285254593985	-0.1288184168291228	0.0	0.0	
5.2 	0.0	0.0	0.0	0.0	0.05560906643747987	-0.35153174717569324	0.0	0.0	
5.4 	0.0	0.0	0.0	0.0	-0.26901963449561084	-0.21212751894300963	0.0	0.0	
5.6000000000000005 	0.0	0.0	0.0	0.0	-0.30489870494775434	0.12667885268761675	0.0	0.0	
5.800000000000001 	0.0	0.0	0.0	0.0	-0.036251640800908515	0.3165140688570763	0.0	0.0	
6.0 	0.0	0.0	0.0	0.0	0.2504604845387011	0.17894056818812676	0.0	0.0	
6.2 	0.0	0.0	0.0	0.0	0.26877260245012863	-0.12837199652401657	0.0	0.0	
6.4 	0.0	0.0	0.0	0.0	0.016704243475798592	-0.2882293506338926	0.0	0.0	
6.6000000000000005 	0.0	0.0	0.0	0.0	-0.23754682202732386	-0.14898965896029462	0.0	0.0	
6.800000000000001 	0.0	0.0	0.0	0.0	-0.23831500664622898	0.13304190128962234	0.0	0.0	
7.0 	0.0	0.0	0.0	0.0	0.0021472142269734072	0.2662700072113867	0.0	0.0	
7.2 	0.0	0.0	0.0	0.0	0.22931947537561267	0.12325733778225502	0.0	0.0	
7.4 	0.0	0.0	0.0	0.0	0.21388800156746837	-0.13886146562515955	0.0	0.0	
7.6000000000000005 	0.0	0.0	0.0	0.0	-0.01833896701266511	-0.24947688684973146	0.0	0.0	
7.800000000000001 	0.0	0.0	0.0	0.0	-0.2233363243716689	-0.10236113787159974	0.0	0.0	
8.0 	0.0	0.0	0.0	0.0	-0.19414735457539847	0.14370519065801493	0.0	0.0	
8.200000000000001 	0.0	0.0	0.0	0.0	0.03139493008531827	0.23563873080922168	0.0	0.0	
8.4 	0.0	0.0	0.0	0.0	0.2179914438225554	0.0854162524241873	0.0	0.0	
8.6 	0.0	0.0	0.0	0.0	0.17786816420684165	-0.14683384470850552	0.0	0.0	
8.8 	0.0	0.0	0.0	0.0	-0.04102668528518507	-0.2233907692991873	0.0	0.0	
9.0 	0.0	0.0	0.0	0.0	-0.2115708221399813	-0.07191740421672542	0.0	0.0	
9.200000000000001 	0.0	0.0	0.0	0.0	-0.16310800096438727	0.14703448959982984	0.0	0.0	
9.4 	0.0	0.0	0.0	0.0	0.04798759282793978	0.21015404722011863	0.0	0.0	
9.600000000000001 	0.0	0.0	0.0	0.0	0.2029624691465694	0.05919215832517664	0.0	0.0	
9.8 	0.0	0.0	0.0	0.0	0.14733623446767985	-0.14573798154074263	0.0	0.0	
10.0 	0.0	0.0	0.0	0.0	-0.05501221753045187	-0.1955118835801421	0.0	0.0	
10.200000000000001 	0.0	0.0	0.0	0.0	-0.1938708667977568	-0.0453552602643419	0.0	0.0	
10.4 	0.0	0.0	0.0	0.0	-0.13060904868765544	0.14525508506448034	0.0	0.0	
10.600000000000001 	0.0	0.0	0.0	0.0	0.06348897004306064	0.18109025140328106	0.0	0.0	
10.8 	0.0	0.0	0.0	0.0	0.18632306592666603	0.03067962247048463	0.0	0.0	
11.0 	0.0	0.0	0.0	0.0	0.11461922013827905	-0.14667716632633895	0.0	0.0	
11.200000000000001 	0.0	0.0	0.0	0.0	-0.0727799950362804	-0.16878819086740462	0.0	0.0	
11.4 	0.0	0.0	0.0	0.0	-0.18094828586264505	-0.01703822070348403	0.0	0.0	
11.600000000000001 	0.0	0.0	0.0	0.0	-0.10093162082870928	0.148906895233944	0.0	0.0	
11.8 	0.0	0.0	0.0	0.0	0.08107901689656728	0.15864701131724834	0.0	0.0	
12.0 	0.0	0.0	0.0	0.0	0.17642945155915632	0.005461255030972706	0.0	0.0	
12.200000000000001 	0.0	0.0	0.0	0.0	0.08915426014702146	-0.15047413399132548	0.0	0.0	
12.4 	0.0	0.0	0.0	0.0	-0.08787998130373745	-0.1494006071656071	0.0	0.0	
12.600000000000001 	0.0	0.0	0.0	0.0	-0.17176358255626337	0.004702478684062977	0.0	0.0	
12.8 	0.0	0.0	0.0	0.0	-0.07827688407573044	0.15139478410413407	0.0	0.0	
13.0 	0.0	0.0	0.0	0.0	0.0939119250764233	0.14069933781769906	0.0	0.0	
13.200000000000001 	0.0	0.0	0.0	0.0	0.16741171426598975	-0.013873449639199079	0.0	0.0	
13.4 	0.0	0.0	0.0	0.0	0.06866998665196741	-0.15206184824451857	0.0	0.0	
13.600000000000001 	0.0	0.0	0.0	0.0	-0.09879456210821218	-0.13301947734189223	0.0	0.0	
13.8 	0.0	0.0	0.0	0.0	-0.1630956601944651	0.021360018005499484	0.0	0.0	
14.0 	0.0	0.0	0.0	0.0	-0.0603939388684981	0.15162937114903036	0.0	0.0	
14.200000000000001 	0.0	0.0	0.0	0.0	0.10200621254967852	0.12566003196395414	0.0	0.0	
14.4 	0.0	0.0	0.0	0.0	0.15800941322064913	-0.02736277457409097	0.0	0.0	
14.600000000000001 	0.0	0.0	0.0	0.0	0.05279927905168724	-0.14966459964017254	0.0	0.0	
14.8 	0.0	0.0	0.0	0.0	-0.10359133695555958	-0.11780205045355338	0.0	0.0	
15.0 	0.0	0.0	0.0	0.0	-0.15143815028735005	0.03255794871655292	0.0	0.0	
15.200000000000001 	0.0	0.0	0.0	0.0	-0.04468244223087531	0.14619190494807444	0.0	0.0	
15.4 	0.0	0.0	0.0	0.0	0.10468404312106154	0.10863282207601975	0.0	0.0	
15.600000000000001 	0.0	0.0	0.0	0.0	0.1439150417553138	-0.03835053332005791	0.0	0.0	
15.8 	0.0	0.0	0.0	0.0	0.03575630250400545	-0.14268511196309522	0.0	0.0	
16.0 	0.0	0.0	0.0	0.0	-0.10621502258190363	-0.09918887915931149	0.0	0.0	
16.2 	0.0	0.0	0.0	0.0	-0.13658497876361111	0.04438255028705307	0.0	0.0	
16.400000000000002 	0.0	0.0	0.0	0.0	-0.026949139048955836	0.13937762050946864	0.0	0.0	
16.6 	0.0	0.0	0.0	0.0	0.10771047057810697	0.08999762396853841	0.0	0.0	
16.8 	0.0	0.0	0.0	0.0	0.12942911397769422	-0.05015310954195011	0.0	0.0	
17.0 	0.0	0.0	0.0	0.0	0.0185412878043351	-0.1360075537122523	0.0	0.0	
17.2 	0.0	0.0	0.0	0.0	-0.10879186284362277	-0.08111389283374557	0.0	0.0	
17.400000000000002 	0.0	0.0	0.0	0.0	-0.12215375390697449	0.05531109905672203	0.0	0.0	
17.6 	0.0	0.0	0.0	0.0	-0.010477564177822756	0.13201662334595218	0.0	0.0	
17.8 	0.0	0.0	0.0	0.0	0.10916312883980538	0.07193507049651054	0.0	0.0	
18.0 	0.0	0.0	0.0	0.0	0.11409239938742613	-0.06026525050351696	0.0	0.0	
18.2 	0.0	0.0	0.0	0.0	0.0018660708254987946	-0.12736627257668773	0.0	0.0	
18.400000000000002 	0.0	0.0	0.0	0.0	-0.10961941151469608	-0.0618374117763467	0.0	0.0	
18.6 	0.0	0.0	0.0	0.0	-0.10554901355168675	0.06611617834042866	0.0	0.0	
18.8 	0.0	0.0	0.0	0.0	0.0077477635809722325	0.12325590720786014	0.0	0.0	
19.0 	0.0	0.0	0.0	0.0	0.11133248366013203	0.051612499579324816	0.0	0.0	
19.200000000000003 	0.0	0.0	0.0	0.0	0.09802945354976043	-0.07286254960214839	0.0	0.0	
19.400000000000002 	0.0	0.0	0.0	0.0	-0.01708242247756167	-0.1205142485594707	0.0	0.0	
19.6 	0.0	0.0	0.0	0.0	-0.11369253002173556	-0.042577282013822805	0.0	0.0	
19.8 	0.0	0.0	0.0	0.0	-0.09169520922248718	0.07924167844766865	0.0	0.0	
20.0 	0.0	0.0	0.0	0.0	0.025490751933260267	0.11837667915120742	0.0	0.0	
20.200000000000003 	0.0	0.0	0.0	0.0	0.11604955831339644	0.03457563252602396	0.0	0.0	
20.400000000000002 	0.0	0.0	0.0	0.0	0.08627865390284302	-0.08504994248989045	0.0	0.0	
20.6 	0.0	0.0	0.0	0.0	-0.03278520145370395	-0.11669559039627658	0.0	0.0	
20.8 	0.0	0.0	0.0	0.0	-0.11800434762168081	-0.027820252933679797	0.0	0.0	
21.0 	0.0	0.0	0.0	0.0	-0.08153229510651253	0.08970375521287648	0.0	0.0	
21.200000000000003 	0.0	0.0	0.0	0.0	0.03883439999710621	0.1147743051261165	0.0	0.0	
21.400000000000002 	0.0	0.0	0.0	0.0	0.11909897658531546	0.021825523018935717	0.0	0.0	
21.6 	0.0	0.0	0.0	0.0	0.07694508558376924	-0.09331908289911507	0.0	0.0	
21.8 	0.0	0.0	0.0	0.0	-0.04391662518182685	-0.11246832597133453	0.0	0.0	
22.0 	0.0	0.0	0.0	0.0	-0.11928861062496093	-0.01647138981234708	0.0	0.0	
22.200000000000003 	0.0	0.0	0.0	0.0	-0.07231649710465234	0.09574680381754024	0.0	0.0	
22.400000000000002 	0.0	0.0	0.0	0.0	0.04808786320198015	0.10934062352987572	0.0	0.0	
22.6 	0.0	0.0	0.0	0.0	0.11827539185432555	0.011264814953520812	0.0	0.0	
22.8 	0.0	0.0	0.0	0.0	0.06704261813191405	-0.09720958348573384	0.0	0.0	
23.0 	0.0	0.0	0.0	0.0	-0.05196274781783544	-0.10515478369244136	0.0	0.0	
23.200000000000003 	0.0	0.0	0.0	0.0	-0.11632681856997794	-0.005608609675166242	0.0	0.0	
23.400000000000002 	0.0	0.0	0.0	0.0	-0.06086402086842506	0.0983200464771479	0.0	0.0	
23.6 	0.0	0.0	0.0	0.0	0.056194513412130685	0.10015753273472756	0.0	0.0	
23.8 	0.0	0.0	0.0	0.0	0.11411094641238721	-0.0007854162917112044	0.0	0.0	
24.0 	0.0	0.0	0.0	0.0	0.05407307109078099	-0.0997362333638124	0.0	0.0	
24.200000000000003 	0.0	0.0	0.0	0.0	-0.06101337924473105	-0.09496925672960264	0.0	0.0	
24.400000000000002 	0.0	0.0	0.0	0.0	-0.1121740925400736	0.007728723022193533	0.0	0.0	
24.6 	0.0	0.0	0.0	0.0	-0.047086627233223474	0.10182038072421866	0.0	0.0	
24.8 	0.0	0.0	0.0	0.0	0.0665403837658681	0.09024693174258967	0.0	0.0	
25.0 	0.0	0.0	0.0	0.0	0.11127634266244334	-0.014766112474657308	0.0	0.0	
25.200000000000003 	0.0	0.0	0.0	0.0	0.04100436167585445	-0.10476024585104755	0.0	0.0	
25.400000000000002 	0.0	0.0	0.0	0.0	-0.07188565486049149	-0.08692629437507472	0.0	0.0	
25.6 	0.0	0.0	0.0	0.0	-0.1112230771998659	0.0205370963556287	0.0	0.0	
25.8 	0.0	0.0	0.0	0.0	-0.03645464955723456	0.10736060746510337	0.0	0.0	
26.0 	0.0	0.0	0.0	0.0	0.07592409049390487	0.0845051078022722	0.0	0.0	
26.200000000000003 	0.0	0.0	0.0	0.0	0.11100644790007123	-0.024693426737005184	0.0	0.0	
26.400000000000002 	0.0	0.0	0.0	0.0	0.033108112664273416	-0.1087402987622601	0.0	0.0	
26.6 	0.0	0.0	0.0	0.0	-0.07811960697722634	-0.08219624498915044	0.0	0.0	
26.8 	0.0	0.0	0.0	0.0	-0.10952790167833915	0.027338949044699377	0.0	0.0	
27.0 	0.0	0.0	0.0	0.0	-0.029936238023436226	0.10810038260539455	0.0	0.0	
27.200000000000003 	0.0	0.0	0.0	0.0	0.07881625653373664	0.07857462980865158	0.0	0.0	
27.400000000000002 	0.0	0.0	0.0	0.0	0.10618691247142063	-0.02990364035956532	0.0	0.0	
27.6 	0.0	0.0	0.0	0.0	0.025621402898704664	-0.1062497380504344	0.0	0.0	
27.8 	0.0	0.0	0.0	0.0	-0.07947380930063086	-0.07352688792148664	0.0	0.0	
28.0 	0.0	0.0	0.0	0.0	-0.10198469923898404	0.033267406039341384	0.0	0.0	
28.200000000000003 	0.0	0.0	0.0	0.0	-0.020387754250960965	0.10435061277979243	0.0	0.0	
28.400000000000002 	0.0	0.0	0.0	0.0	0.08056323753997614	0.06797775567271234	0.0	0.0	
28.6 	0.0	0.0	0.0	0.0	0.09772437937569793	-0.037029263210786846	0.0	0.0	
28.8 	0.0	0.0	0.0	0.0	0.014981813696751497	-0.1024884180655532	0.0	0.0	
29.0 	0.0	0.0	0.0	0.0	-0.08159317294563707	-0.06225379359134523	0.0	0.0	
29.200000000000003 	0.0	0.0	0.0	0.0	-0.09312876150053329	0.0408613812885828	0.0	0.0	
29.400000000000002 	0.0	0.0	0.0	0.0	-0.009177084494450052	0.10041416965435758	0.0	0.0	
29.6 	0.0	0.0	0.0	0.0	0.08285451344115945	0.05610193960281802	0.0	0.0	
29.8 	0.0	0.0	0.0	0.0	0.08852689916753397	-0.045147241892126905	0.0	0.0	
30.0 	0.0	0.0	0.0	0.0	0.0032120181242908242	-0.09868133628110753	0.0	0.0	
30.200000000000003 	0.0	0.0	0.0	0.0	-0.08431324602142673	-0.05015975943840585	0.0	0.0	
30.400000000000002 	0.0	0.0	0.0	0.0	-0.08409740441932216	0.049307773973309404	0.0	0.0	
30.6 	0.0	0.0	0.0	0.0	0.0026149001633578206	0.09686344758768502	0.0	0.0	
30.8 	0.0	0.0	0.0	0.0	0.0856621565055156	0.04414770192369655	0.0	0.0	
31.0 	0.0	0.0	0.0	0.0	0.07957243271655236	-0.0535443549727317	0.0	0.0	
31.200000000000003 	0.0	0.0	0.0	0.0	-0.008559410549238576	-0.09513428295257262	0.0	0.0	
31.400000000000002 	0.0	0.0	0.0	0.0	-0.08718931329947842	-0.038194770688205884	0.0	0.0	
31.6 	0.0	0.0	0.0	0.0	-0.07526483963859941	0.05783472324647579	0.0	0.0	
31.8 	0.0	0.0	0.0	0.0	0.01435966363799682	0.0936156173458191	0.0	0.0	
32.0 	0.0	0.0	0.0	0.0	0.088778575432817	0.03252822207817632	0.0	0.0	
32.2 	0.0	0.0	0.0	0.0	0.07124792537386544	-0.061948917902986136	0.0	0.0	
32.4 	0.0	0.0	0.0	0.0	-0.01979109733945528	-0.09217966141063787	0.0	0.0	
32.6 	0.0	0.0	0.0	0.0	-0.09014447656023948	-0.027170490973061238	0.0	0.0	
32.800000000000004 	0.0	0.0	0.0	0.0	-0.06725839472736295	0.06573348602270351	0.0	0.0	
33.0 	0.0	0.0	0.0	0.0	0.02505670072183246	0.09059141849107681	0.0	0.0	
33.2 	0.0	0.0	0.0	0.0	0.09142740765376924	0.021841591365791464	0.0	0.0	
33.4 	0.0	0.0	0.0	0.0	0.06337265268009735	-0.06949911293471947	0.0	0.0	
33.6 	0.0	0.0	0.0	0.0	-0.03016239373791153	-0.08917390787442601	0.0	0.0	
33.800000000000004 	0.0	0.0	0.0	0.0	-0.09272959951253079	-0.016828177063010607	0.0	0.0	
34.0 	0.0	0.0	0.0	0.0	-0.059759069441437156	0.07306343928097678	0.0	0.0	
34.2 	0.0	0.0	0.0	0.0	0.03496164855427609	0.08788662791567539	0.0	0.0	
34.4 	0.0	0.0	0.0	0.0	0.09403318355266778	0.012190499295403954	0.0	0.0	
34.6 	0.0	0.0	0.0	0.0	0.05658200200874946	-0.07638456913987626	0.0	0.0	
34.800000000000004 	0.0	0.0	0.0	0.0	-0.03915888759542468	-0.08684056391354994	0.0	0.0	
35.0 	0.0	0.0	0.0	0.0	-0.09505172885963548	-0.008255345176700327	0.0	0.0	
35.2 	0.0	0.0	0.0	0.0	-0.053713343145557105	0.07897751095166428	0.0	0.0	
35.4 	0.0	0.0	0.0	0.0	0.042660128119463826	0.08554112180150929	0.0	0.0	
35.6 	0.0	0.0	0.0	0.0	0.0955321585162723	0.004664782127110226	0.0	0.0	
35.800000000000004 	0.0	0.0	0.0	0.0	0.05088636946559453	-0.08101450828257656	0.0	0.0	
36.0 	0.0	0.0	0.0	0.0	-0.045621025531074166	-0.08405219861010081	0.0	0.0	
36.2 	0.0	0.0	0.0	0.0	-0.0955067763012337	-0.0015169731529140308	0.0	0.0	
36.4 	0.0	0.0	0.0	0.0	-0.04812375997470377	0.08226869952043361	0.0	0.0	
36.6 	0.0	0.0	0.0	0.0	0.047869665193752256	0.08206047162689088	0.0	0.0	
36.800000000000004 	0.0	0.0	0.0	0.0	0.09457762728263537	-0.0014113832174597319	0.0	0.0	
37.0 	0.0	0.0	0.0	0.0	0.04489622399369382	-0.08266515629542154	0.0	0.0	
37.2 	0.0	0.0	0.0	0.0	-0.04981487857977598	-0.0790980407895368	0.0	0.0	
37.4 	0.0	0.0	0.0	0.0	-0.09274611318008831	0.004865080902305846	0.0	0.0	
37.6 	0.0	0.0	0.0	0.0	-0.04064017001447043	0.08291626927657941	0.0	0.0	
37.800000000000004 	0.0	0.0	0.0	0.0	0.05250161760743523	0.0754751181573455	0.0	0.0	
38.0 	0.0	0.0	0.0	0.0	0.09122266621576929	-0.009187297851730053	0.0	0.0	
38.2 	0.0	0.0	0.0	0.0	0.036312235618859254	-0.08402269191418615	0.0	0.0	
38.400000000000006 	0.0	0.0	0.0	0.0	-0.055568697812380954	-0.0725958427105656	0.0	0.0	
38.6 	0.0	0.0	0.0	0.0	-0.09036470494343925	0.012975275804144473	0.0	0.0	
38.800000000000004 	0.0	0.0	0.0	0.0	-0.0328555145784529	0.0849737922720078	0.0	0.0	
39.0 	0.0	0.0	0.0	0.0	0.05780666417682921	0.07007614816796179	0.0	0.0	
39.2 	0.0	0.0	0.0	0.0	0.08907174404092742	-0.01597238335723771	0.0	0.0	
39.400000000000006 	0.0	0.0	0.0	0.0	0.02958082034937893	-0.08505546762017047	0.0	0.0	
39.6 	0.0	0.0	0.0	0.0	-0.05934774300371832	-0.0670428833982585	0.0	0.0	
39.800000000000004 	0.0	0.0	0.0	0.0	-0.08695402457998494	0.018899974859213308	0.0	0.0	
40.0 	0.0	0.0	0.0	0.0	-0.025762586160212056	0.08460675237710921	0.0	0.0	
40.2 	0.0	0.0	0.0	0.0	0.06098498208028337	0.0633652263586566	0.0	0.0	
40.400000000000006 	0.0	0.0	0.0	0.0	0.08461268547132131	-0.022285310611552204	0.0	0.0	
40.6 	0.0	0.0	0.0	0.0	0.02164740679705272	-0.08435217365639364	0.0	0.0	
40.800000000000004 	0.0	0.0	0.0	0.0	-0.06283954818101348	-0.05972133155415019	0.0	0.0	
41.0 	0.0	0.0	0.0	0.0	-0.08240773067410119	0.025686779513418675	0.0	0.0	
41.2 	0.0	0.0	0.0	0.0	-0.017629715258628356	0.08415178926816835	0.0	0.0	
41.400000000000006 	0.0	0.0	0.0	0.0	0.06466797667929093	0.05620094635773494	0.0	0.0	
41.6 	0.0	0.0	0.0	0.0	0.08033719443260486	-0.02894464216146344	0.0	0.0	
41.800000000000004 	0.0	0.0	0.0	0.0	0.013920853148768371	-0.08394296571271492	0.0	0.0	
42.0 	0.0	0.0	0.0	0.0	-0.06616273325634917	-0.05294368311539425	0.0	0.0	
42.2 	0.0	0.0	0.0	0.0	-0.07814512244348637	0.03170545381594052	0.0	0.0	
42.400000000000006 	0.0	0.0	0.0	0.0	-0.01043811447582317	0.0832334360554858	0.0	0.0	
42.6 	0.0	0.0	0.0	0.0	0.0671769739776745	0.04944929544541763	0.0	0.0	
42.800000000000004 	0.0	0.0	0.0	0.0	0.07548425415632133	-0.03433299256651432	0.0	0.0	
43.0 	0.0	0.0	0.0	0.0	0.006748322849876093	-0.08214225212041634	0.0	0.0	
43.2 	0.0	0.0	0.0	0.0	-0.06805883482643953	-0.045571187856065974	0.0	0.0	
43.400000000000006 	0.0	0.0	0.0	0.0	-0.07245479972274727	0.03714171715306118	0.0	0.0	
43.6 	0.0	0.0	0.0	0.0	-0.0026338341518530955	0.08095432070928833	0.0	0.0	
43.800000000000004 	0.0	0.0	0.0	0.0	0.06925986941069194	0.041351162226107574	0.0	0.0	
44.0 	0.0	0.0	0.0	0.0	0.06951864170409343	-0.04044338516551731	0.0	0.0	
44.2 	0.0	0.0	0.0	0.0	-0.0016902906944844557	-0.08025598388008749	0.0	0.0	
44.400000000000006 	0.0	0.0	0.0	0.0	-0.07095017708062666	-0.03739684898532266	0.0	0.0	
44.6 	0.0	0.0	0.0	0.0	-0.06714412915569941	0.043905342409886465	0.0	0.0	
44.800000000000004 	0.0	0.0	0.0	0.0	0.005748286401607305	0.08014553214458064	0.0	0.0	
45.0 	0.0	0.0	0.0	0.0	0.07298314087326618	0.03413175052359293	0.0	0.0	
45.2 	0.0	0.0	0.0	0.0	0.06568467413804868	-0.047114902476653814	0.0	0.0	
45.400000000000006 	0.0	0.0	0.0	0.0	-0.008813810219396978	-0.08060248582328597	0.0	0.0	
45.6 	0.0	0.0	0.0	0.0	-0.07464138744058896	-0.0321180818874435	0.0	0.0	
45.800000000000004 	0.0	0.0	0.0	0.0	-0.06485918693831445	0.04906759103577022	0.0	0.0	
46.0 	0.0	0.0	0.0	0.0	0.010515392843141019	0.08059678223503447	0.0	0.0	
46.2 	0.0	0.0	0.0	0.0	0.0750399337670258	0.03076390182300402	0.0	0.0	
46.400000000000006 	0.0	0.0	0.0	0.0	0.06369835431175726	-0.04967609179765432	0.0	0.0	
46.6 	0.0	0.0	0.0	0.0	-0.011429843618954938	-0.07948638443374938	0.0	0.0	
46.800000000000004 	0.0	0.0	0.0	0.0	-0.07411146030449989	-0.02928706821741568	0.0	0.0	
47.0 	0.0	0.0	0.0	0.0	-0.061597602677044574	0.04940643930516969	0.0	0.0	
47.2 	0.0	0.0	0.0	0.0	0.012321799813474522	0.0771871460340623	0.0	0.0	
47.400000000000006 	0.0	0.0	0.0	0.0	0.07238079792537136	0.027153067113608813	0.0	0.0	
47.6 	0.0	0.0	0.0	0.0	0.05866054997207896	-0.04891518664110947	0.0	0.0	
47.800000000000004 	0.0	0.0	0.0	0.0	-0.0133948417707493	-0.07416198626363273	0.0	0.0	
48.0 	0.0	0.0	0.0	0.0	-0.07007752784693941	-0.024533967335700478	0.0	0.0	
48.2 	0.0	0.0	0.0	0.0	-0.054924571319973296	0.048169782120579936	0.0	0.0	
48.400000000000006 	0.0	0.0	0.0	0.0	0.014798959516662796	0.07027338399005217	0.0	0.0	
48.6 	0.0	0.0	0.0	0.0	0.06733593867974616	0.02106438471676258	0.0	0.0	
48.800000000000004 	0.0	0.0	0.0	0.0	0.05028973891416756	-0.04765758334773137	0.0	0.0	
49.0 	0.0	0.0	0.0	0.0	-0.016908581982562877	-0.06587772981378448	0.0	0.0	
49.2 	0.0	0.0	0.0	0.0	-0.06461642648142017	-0.016774265374960667	0.0	0.0	
49.400000000000006 	0.0	0.0	0.0	0.0	-0.04501907020766798	0.04764822195699304	0.0	0.0	
49.6 	0.0	0.0	0.0	0.0	0.019821612715119456	0.061301821922931564	0.0	0.0	
49.800000000000004 	0.0	0.0	0.0	0.0	0.062295099172695996	0.011765601362568379	0.0	0.0	
50.0 	0.0	0.0	0.0	0.0	0.03950046793390512	-0.048377243183835406	0.0	0.0	
50.2 	0.0	0.0	0.0	0.0	-0.02338440084664935	-0.05698428514917944	0.0	0.0	
50.400000000000006 	0.0	0.0	0.0	0.0	-0.06049240256395401	-0.00641301933310959	0.0	0.0	
50.6 	0.0	0.0	0.0	0.0	-0.03394089618202306	0.04971667037956982	0.0	0.0	
50.800000000000004 	0.0	0.0	0.0	0.0	0.027557898216508687	0.05299413134753563	0.0	0.0	
51.0 	0.0	0.0	0.0	0.0	0.059442617231610435	0.00073999644334722	0.0	0.0	
51.2 	0.0	0.0	0.0	0.0	0.02870450412734208	-0.051925866724328994	0.0	0.0	
51.400000000000006 	0.0	0.0	0.0	0.0	-0.032142226984607544	-0.04990280960129865	0.0	0.0	
51.6 	0.0	0.0	0.0	0.0	-0.059330326068037786	0.0045967322749275565	0.0	0.0	
51.800000000000004 	0.0	0.0	0.0	0.0	-0.02432575932033463	0.05459672241944431	0.0	0.0	
52.0 	0.0	0.0	0.0	0.0	0.036540676777060854	0.04775350696652918	0.0	0.0	
52.2 	0.0	0.0	0.0	0.0	0.05985032831429961	-0.009183925341601763	0.0	0.0	
52.400000000000006 	0.0	0.0	0.0	0.0	0.020972164792958294	-0.05726638187031652	0.0	0.0	
52.6 	0.0	0.0	0.0	0.0	-0.04022545778712266	-0.0463833724290578	0.0	0.0	
52.800000000000004 	0.0	0.0	0.0	0.0	-0.06044184229282044	0.012732415529006141	0.0	0.0	
53.0 	0.0	0.0	0.0	0.0	-0.018373370977271975	0.05932757882726574	0.0	0.0	
53.2 	0.0	0.0	0.0	0.0	0.04306260488783744	0.04518339388971964	0.0	0.0	
53.400000000000006 	0.0	0.0	0.0	0.0	0.060718952246887455	-0.015570341447281689	0.0	0.0	
53.6 	0.0	0.0	0.0	0.0	0.01618989618883047	-0.06075825483809815	0.0	0.0	
53.800000000000004 	0.0	0.0	0.0	0.0	-0.045107397860713716	-0.043953524363566705	0.0	0.0	
54.0 	0.0	0.0	0.0	0.0	-0.06042862558602855	0.01779275651911545	0.0	0.0	
54.2 	0.0	0.0	0.0	0.0	-0.014054637527145634	0.06134928597251905	0.0	0.0	
54.400000000000006 	0.0	0.0	0.0	0.0	0.04656524859432019	0.042195114628125224	0.0	0.0	
54.6 	0.0	0.0	0.0	0.0	0.05944065763008524	-0.019972000779202068	0.0	0.0	
54.800000000000004 	0.0	0.0	0.0	0.0	0.011542732090741295	-0.06146933631633117	0.0	0.0	
55.0 	0.0	0.0	0.0	0.0	-0.04792313022242972	-0.039909010747034124	0.0	0.0	
55.2 	0.0	0.0	0.0	0.0	-0.058019804911864675	0.022423176194788976	0.0	0.0	
55.400000000000006 	0.0	0.0	0.0	0.0	-0.008529555574494701	0.061509168271207254	0.0	0.0	
55.6 	0.0	0.0	0.0	0.0	0.04964669884567759	0.037270475559583974	0.0	0.0	
55.800000000000004 	0.0	0.0	0.0	0.0	0.05673564730322164	-0.025363595935075343	0.0	0.0	
56.0 	0.0	0.0	0.0	0.0	0.00539580760370844	-0.062043892227183664	0.0	0.0	
56.2 	0.0	0.0	0.0	0.0	-0.05173117884655683	-0.03498835547391165	0.0	0.0	
56.400000000000006 	0.0	0.0	0.0	0.0	-0.05594185910203155	0.028237165623439742	0.0	0.0	
56.6 	0.0	0.0	0.0	0.0	-0.002648712040609792	0.06286169852802526	0.0	0.0	
56.800000000000004 	0.0	0.0	0.0	0.0	0.05378829900468531	0.033192347030399784	0.0	0.0	
57.0 	0.0	0.0	0.0	0.0	0.05555686097542727	-0.030757556582850006	0.0	0.0	
57.2 	0.0	0.0	0.0	0.0	0.0005179926690810253	-0.06377340343777035	0.0	0.0	
57.400000000000006 	0.0	0.0	0.0	0.0	-0.05544614248181575	-0.031966322096589964	0.0	0.0	
57.6 	0.0	0.0	0.0	0.0	-0.05530113547866973	0.03256521361607412	0.0	0.0	
57.800000000000004 	0.0	0.0	0.0	0.0	0.0010248123290879888	0.06430491558975182	0.0	0.0	
58.0 	0.0	0.0	0.0	0.0	0.05649016842716026	0.03094062151938353	0.0	0.0	
58.2 	0.0	0.0	0.0	0.0	0.054879187321295965	-0.033785716476681	0.0	0.0	
58.400000000000006 	0.0	0.0	0.0	0.0	-0.0021468421557378874	-0.06436238619049064	0.0	0.0	
58.6 	0.0	0.0	0.0	0.0	-0.056836933874530954	-0.02997226083130133	0.0	0.0	
58.800000000000004 	0.0	0.0	0.0	0.0	-0.05400035691081333	0.034405467384799715	0.0	0.0	
59.0 	0.0	0.0	0.0	0.0	0.003163576516056676	0.06366725612316039	0.0	0.0	
59.2 	0.0	0.0	0.0	0.0	0.05662064049286094	0.02857825081191516	0.0	0.0	
59.400000000000006 	0.0	0.0	0.0	0.0	0.052519241237789574	-0.03491787654272417	0.0	0.0	
59.6 	0.0	0.0	0.0	0.0	-0.004426492089871491	-0.06251638889649466	0.0	0.0	
59.800000000000004 	0.0	0.0	0.0	0.0	-0.05619768587182204	-0.026768161695040732	0.0	0.0	
60.0 	0.0	0.0	0.0	0.0	-0.05059253503457333	0.035519375232078626	0.0	0.0	
60.2 	0.0	0.0	0.0	0.0	0.006062040402991274	0.0611109504497884	0.0	0.0	
60.400000000000006 	0.0	0.0	0.0	0.0	0.05589333702137556	0.024551592817787272	0.0	0.0	
60.6 	0.0	0.0	0.0	0.0	0.04855050092543123	-0.036466102486508147	0.0	0.0	
60.800000000000004 	0.0	0.0	0.0	0.0	-0.007915937648031071	-0.05988837626659277	0.0	0.0	
61.0 	0.0	0.0	0.0	0.0	-0.05579061653662121	-0.02236689786623909	0.0	0.0	
61.2 	0.0	0.0	0.0	0.0	-0.04662929845145882	0.037478386902236586	0.0	0.0	
61.400000000000006 	0.0	0.0	0.0	0.0	0.009763047427880672	0.05877199072221668	0.0	0.0	
61.6 	0.0	0.0	0.0	0.0	0.05581018809288005	0.02025417626143701	0.0	0.0	
61.800000000000004 	0.0	0.0	0.0	0.0	0.044918914649597505	-0.03854856563989816	0.0	0.0	
62.0 	0.0	0.0	0.0	0.0	-0.01143699326943223	-0.05789651585668729	0.0	0.0	
62.2 	0.0	0.0	0.0	0.0	-0.05584869792502877	-0.0184905556910674	0.0	0.0	
62.400000000000006 	0.0	0.0	0.0	0.0	-0.04346742587812934	0.0393629735009609	0.0	0.0	
62.6 	0.0	0.0	0.0	0.0	0.012763194545369106	0.0570492805947543	0.0	0.0	
62.800000000000004 	0.0	0.0	0.0	0.0	0.055730602707487614	0.017036730386916457	0.0	0.0	
63.0 	0.0	0.0	0.0	0.0	0.04224286498430448	-0.039837823076426214	0.0	0.0	
63.2 	0.0	0.0	0.0	0.0	-0.013567671755126633	-0.05617472342650201	0.0	0.0	
63.400000000000006 	0.0	0.0	0.0	0.0	-0.0551514226429603	-0.01602466040616485	0.0	0.0	
63.6 	0.0	0.0	0.0	0.0	-0.04099169455240886	0.0395965365842493	0.0	0.0	
63.800000000000004 	0.0	0.0	0.0	0.0	0.013874329933158321	0.05475200641187812	0.0	0.0	
64.0 	0.0	0.0	0.0	0.0	0.053851711856044975	0.015002446906094358	0.0	0.0	
64.2 	0.0	0.0	0.0	0.0	0.03929630765373147	-0.038823901418547045	0.0	0.0	
64.4 	0.0	0.0	0.0	0.0	-0.01401571934549416	-0.05265022613376367	0.0	0.0	
64.60000000000001 	0.0	0.0	0.0	0.0	-0.051866382194850576	-0.013673575450048473	0.0	0.0	
64.8 	0.0	0.0	0.0	0.0	-0.03685590640584086	0.0377141661506687	0.0	0.0	
65.0 	0.0	0.0	0.0	0.0	0.014453543234020223	0.04974427101490389	0.0	0.0	
65.2 	0.0	0.0	0.0	0.0	0.04953425733067057	0.011574087263557744	0.0	0.0	
65.4 	0.0	0.0	0.0	0.0	0.03367832761275714	-0.036871542600837796	0.0	0.0	
65.60000000000001 	0.0	0.0	0.0	0.0	-0.015502594504778954	-0.046490337949534354	0.0	0.0	
65.8 	0.0	0.0	0.0	0.0	-0.04727262190803966	-0.00882827322666611	0.0	0.0	
66.0 	0.0	0.0	0.0	0.0	-0.030003558680247903	0.03645879474838749	0.0	0.0	
66.2 	0.0	0.0	0.0	0.0	0.01724507420921499	0.04310046537783455	0.0	0.0	
66.4 	0.0	0.0	0.0	0.0	0.04539815568439227	0.005439229028375382	0.0	0.0	
66.60000000000001 	0.0	0.0	0.0	0.0	0.026132905645491117	-0.036775408194526876	0.0	0.0	
66.8 	0.0	0.0	0.0	0.0	-0.019619938352025378	-0.040043295610005844	0.0	0.0	
67.0 	0.0	0.0	0.0	0.0	-0.044124380573494014	-0.001789715521100436	0.0	0.0	
67.2 	0.0	0.0	0.0	0.0	-0.02237653333401148	0.037706936990356696	0.0	0.0	
67.4 	0.0	0.0	0.0	0.0	0.022473053494173542	0.03744470069823846	0.0	0.0	
67.60000000000001 	0.0	0.0	0.0	0.0	0.04358759786704643	-0.001971351922306068	0.0	0.0	
67.8 	0.0	0.0	0.0	0.0	0.019073178677006513	-0.03932432624655338	0.0	0.0	
68.0 	0.0	0.0	0.0	0.0	-0.025511541927587766	-0.03568024388386957	0.0	0.0	
68.2 	0.0	0.0	0.0	0.0	-0.043767440566075747	0.005304823233273433	0.0	0.0	
68.4 	0.0	0.0	0.0	0.0	-0.016512303543775846	0.04119377542808824	0.0	0.0	
68.60000000000001 	0.0	0.0	0.0	0.0	0.028319687193638796	0.03462691471911411	0.0	0.0	
68.8 	0.0	0.0	0.0	0.0	0.04440036337561065	-0.008027628231832938	0.0	0.0	
69.0 	0.0	0.0	0.0	0.0	0.014763644759232164	-0.04303969336959125	0.0	0.0	
69.2 	0.0	0.0	0.0	0.0	-0.03053353183518866	-0.034193764595253064	0.0	0.0	
69.4 	0.0	0.0	0.0	0.0	-0.04505858363265275	0.009890553379231155	0.0	0.0	
69.60000000000001 	0.0	0.0	0.0	0.0	-0.013602052367798585	0.044337249753872945	0.0	0.0	
69.8 	0.0	0.0	0.0	0.0	0.03204529613888804	0.033815110913144875	0.0	0.0	
70.0 	0.0	0.0	0.0	0.0	0.04538236841543255	-0.011251947565772937	0.0	0.0	
70.2 	0.0	0.0	0.0	0.0	0.012644122399667985	-0.045130751240172066	0.0	0.0	
70.4 	0.0	0.0	0.0	0.0	-0.03303758311852074	-0.033310187273907894	0.0	0.0	
70.60000000000001 	0.0	0.0	0.0	0.0	-0.04526788849148179	0.012304537904822903	0.0	0.0	
70.8 	0.0	0.0	0.0	0.0	-0.011589249626749142	0.04542744170857959	0.0	0.0	
71.0 	0.0	0.0	0.0	0.0	0.033816145586669205	0.03243313445182282	0.0	0.0	
71.2 	0.0	0.0	0.0	0.0	0.04485695299254542	-0.01346287177367265	0.0	0.0	
71.4 	0.0	0.0	0.0	0.0	0.010362286867270858	-0.04564438442874478	0.0	0.0	
71.60000000000001 	0.0	0.0	0.0	0.0	-0.03459842512023	-0.0314623224083692	0.0	0.0	
71.8 	0.0	0.0	0.0	0.0	-0.044370373299201495	0.014629297128205768	0.0	0.0	
72.0 	0.0	0.0	0.0	0.0	-0.009072024336360377	0.0458028990792623	0.0	0.0	
72.2 	0.0	0.0	0.0	0.0	0.035422440471055236	0.030426179670992724	0.0	0.0	
72.4 	0.0	0.0	0.0	0.0	0.04394604308011951	-0.01586129909150408	0.0	0.0	
72.60000000000001 	0.0	0.0	0.0	0.0	0.007869468535538092	-0.04607770966864124	0.0	0.0	
72.8 	0.0	0.0	0.0	0.0	-0.036199318707460494	-0.029585218439647818	0.0	0.0	
73.0 	0.0	0.0	0.0	0.0	-0.04358869701937478	0.016877768854390116	0.0	0.0	
73.2 	0.0	0.0	0.0	0.0	-0.006836431349208006	0.04622999664298364	0.0	0.0	
73.4 	0.0	0.0	0.0	0.0	0.03681864713913548	0.02877770334808236	0.0	0.0	
73.60000000000001 	0.0	0.0	0.0	0.0	0.04321566639514493	-0.01776678793713619	0.0	0.0	
73.8 	0.0	0.0	0.0	0.0	0.0059585008264646105	-0.04631180336692577	0.0	0.0	
74.0 	0.0	0.0	0.0	0.0	-0.03721996313516902	-0.028075157737504568	0.0	0.0	
74.2 	0.0	0.0	0.0	0.0	-0.0427247906767085	0.018389828700670456	0.0	0.0	
74.4 	0.0	0.0	0.0	0.0	-0.005151569897443033	0.04610508158082561	0.0	0.0	
74.60000000000001 	0.0	0.0	0.0	0.0	0.0374148334955338	0.027215212441783185	0.0	0.0	
74.8 	0.0	0.0	0.0	0.0	0.04204165264787445	-0.01898570371164717	0.0	0.0	
75.0 	0.0	0.0	0.0	0.0	0.004298390752212756	-0.04576511006494394	0.0	0.0	
75.2 	0.0	0.0	0.0	0.0	-0.037484996457347826	-0.026260622599844297	0.0	0.0	
75.4 	0.0	0.0	0.0	0.0	-0.041149793887521276	0.019528214584371827	0.0	0.0	
75.60000000000001 	0.0	0.0	0.0	0.0	-0.003285066478082097	0.04521286257758747	0.0	0.0	
75.8 	0.0	0.0	0.0	0.0	0.03756964319664514	0.025017926150966062	0.0	0.0	
76.0 	0.0	0.0	0.0	0.0	0.04011442039569888	-0.020310052398402553	0.0	0.0	
76.2 	0.0	0.0	0.0	0.0	0.0020466551497722732	-0.044750315485850865	0.0	0.0	
76.4 	0.0	0.0	0.0	0.0	-0.03783053293877969	-0.023691861705545877	0.0	0.0	
76.60000000000001 	0.0	0.0	0.0	0.0	-0.039086523374076594	0.021269973209580104	0.0	0.0	
76.80000000000001 	0.0	0.0	0.0	0.0	-0.0006133857165175341	0.04440590768268618	0.0	0.0	
77.0 	0.0	0.0	0.0	0.0	0.038390444180944346	0.02227710834401543	0.0	0.0	
77.2 	0.0	0.0	0.0	0.0	0.038266679513476454	-0.02255608062602224	0.0	0.0	
77.4 	0.0	0.0	0.0	0.0	-0.000872549480059778	-0.04448535829045206	0.0	0.0	
77.60000000000001 	0.0	0.0	0.0	0.0	-0.039268948479599025	-0.021140883997387984	0.0	0.0	
77.80000000000001 	0.0	0.0	0.0	0.0	-0.03783116969647092	0.02388449064355372	0.0	0.0	
78.0 	0.0	0.0	0.0	0.0	0.0021934382234818834	0.044881322462561685	0.0	0.0	
78.2 	0.0	0.0	0.0	0.0	0.040355683173124254	0.02032598911096274	0.0	0.0	
78.4 	0.0	0.0	0.0	0.0	0.03785589651157548	-0.025193900499486267	0.0	0.0	
78.60000000000001 	0.0	0.0	0.0	0.0	-0.0031352634328312584	-0.045661721988949494	0.0	0.0	
78.80000000000001 	0.0	0.0	0.0	0.0	-0.04144288677055923	-0.0200906853195516	0.0	0.0	
79.0 	0.0	0.0	0.0	0.0	-0.038280974723211215	0.026105027632498022	0.0	0.0	
79.2 	0.0	0.0	0.0	0.0	0.003569490152957186	0.04647905219863143	0.0	0.0	
79.4 	0.0	0.0	0.0	0.0	0.04230252570545694	0.020249863219359645	0.0	0.0	
79.60000000000001 	0.0	0.0	0.0	0.0	0.038935295810029476	-0.026622522995455596	0.0	0.0	
79.80000000000001 	0.0	0.0	0.0	0.0	-0.0034952339052660686	-0.04726350555555979	0.0	0.0	
80.0 	0.0	0.0	0.0	0.0	-0.042767054683548536	-0.020814152554190227	0.0	0.0	
80.2 	0.0	0.0	0.0	0.0	-0.03960427173104699	0.026559775265350416	0.0	0.0	
80.4 	0.0	0.0	0.0	0.0	0.003026061304612963	0.0476809941185914	0.0	0.0	
80.60000000000001 	0.0	0.0	0.0	0.0	0.04277614037605887	0.021430896048005167	0.0	0.0	
80.80000000000001 	0.0	0.0	0.0	0.0	0.04010386836312957	-0.026151962210904767	0.0	0.0	
81.0 	0.0	0.0	0.0	0.0	-0.002336549621316755	-0.04780103080169194	0.0	0.0	
81.2 	0.0	0.0	0.0	0.0	-0.04237558302588673	-0.022073058416512897	0.0	0.0	
81.4 	0.0	0.0	0.0	0.0	-0.04032827209291786	0.025390726136131556	0.0	0.0	
81.60000000000001 	0.0	0.0	0.0	0.0	0.0016000777799475626	0.04748111624799744	0.0	0.0	
81.80000000000001 	0.0	0.0	0.0	0.0	0.041681092016874415	0.02246562900144166	0.0	0.0	
82.0 	0.0	0.0	0.0	0.0	0.04025993160901897	-0.02458954758985361	0.0	0.0	
82.2 	0.0	0.0	0.0	0.0	-0.0009437840157509365	-0.04695969748785793	0.0	0.0	
82.4 	0.0	0.0	0.0	0.0	-0.040830830539705446	-0.0227206262705242	0.0	0.0	
82.60000000000001 	0.0	0.0	0.0	0.0	-0.03995032831063247	0.023720891256495936	0.0	0.0	
82.80000000000001 	0.0	0.0	0.0	0.0	0.0004306942570391293	0.04619610747981624	0.0	0.0	
83.0 	0.0	0.0	0.0	0.0	0.03994684114434953	0.02270503888611395	0.0	0.0	
83.2 	0.0	0.0	0.0	0.0	0.039488746361817866	-0.02301655586881727	0.0	0.0	
83.4 	0.0	0.0	0.0	0.0	-6.390217876259404e-05	-0.04545703428473786	0.0	0.0	
83.60000000000001 	0.0	0.0	0.0	0.0	-0.03911307248065077	-0.02263832950993126	0.0	0.0	
83.80000000000001 	0.0	0.0	0.0	0.0	-0.03897263106021495	0.02234482566319577	0.0	0.0	
84.0 	0.0	0.0	0.0	0.0	-0.0001975013197062358	0.04467315733031577	0.0	0.0	
84.2 	0.0	0.0	0.0	0.0	0.03836841578795007	0.02244696038645031	0.0	0.0	
84.4 	0.0	0.0	0.0	0.0	0.0384857576981012	-0.02184047254413829	0.0	0.0	
84.60000000000001 	0.0	0.0	0.0	0.0	0.0004193832989553171	-0.044049228197755266	0.0	0.0	
84.80000000000001 	0.0	0.0	0.0	0.0	-0.037709301924059135	-0.022365010579333936	0.0	0.0	
85.0 	0.0	0.0	0.0	0.0	-0.03808416408590121	0.021297278927151754	0.0	0.0	
85.2 	0.0	0.0	0.0	0.0	-0.0006739717985572317	0.04343998650731607	0.0	0.0	
85.4 	0.0	0.0	0.0	0.0	0.0370983109593307	0.02229692907666703	0.0	0.0	
85.60000000000001 	0.0	0.0	0.0	0.0	0.037788816550375394	-0.020805355602720028	0.0	0.0	
85.80000000000001 	0.0	0.0	0.0	0.0	0.0010230682744096433	-0.04297520594040597	0.0	0.0	
86.0 	0.0	0.0	0.0	0.0	-0.03647702930313494	-0.022427921914474208	0.0	0.0	
86.2 	0.0	0.0	0.0	0.0	-0.037584627413649804	0.020146510022253213	0.0	0.0	
86.4 	0.0	0.0	0.0	0.0	-0.0015041062442045655	0.04244773552076268	0.0	0.0	
86.60000000000001 	0.0	0.0	0.0	0.0	0.035782261914783425	0.022597346396053198	0.0	0.0	
86.80000000000001 	0.0	0.0	0.0	0.0	0.0374266716036879	-0.019431714673597115	0.0	0.0	
87.0 	0.0	0.0	0.0	0.0	0.0021217004422098727	-0.04194996832800108	0.0	0.0	
87.2 	0.0	0.0	0.0	0.0	-0.03496287383956095	-0.022923161258838698	0.0	0.0	
87.4 	0.0	0.0	0.0	0.0	-0.03725296136694884	0.018490727180433885	0.0	0.0	
87.60000000000001 	0.0	0.0	0.0	0.0	-0.0028469305241584308	0.04126920662682623	0.0	0.0	
87.80000000000001 	0.0	0.0	0.0	0.0	0.03399353597654258	0.023190521254959663	0.0	0.0	
88.0 	0.0	0.0	0.0	0.0	0.037001312267860034	-0.017497834571263186	0.0	0.0	
88.2 	0.0	0.0	0.0	0.0	0.003625241021684579	-0.04052494913056704	0.0	0.0	
88.4 	0.0	0.0	0.0	0.0	-0.032881328344242976	-0.023489589599144635	0.0	0.0	
88.60000000000001 	0.0	0.0	0.0	0.0	-0.03662556301132031	0.01634474138784656	0.0	0.0	
88.80000000000001 	0.0	0.0	0.0	0.0	-0.004390627256564076	0.03955589518012122	0.0	0.0	
89.0 	0.0	0.0	0.0	0.0	0.031663585510171025	0.023609979960474557	0.0	0.0	
89.2 	0.0	0.0	0.0	0.0	0.0361067396208863	-0.015250508789650563	0.0	0.0	
89.4 	0.0	0.0	0.0	0.0	0.0050819943412462616	-0.03854273833120007	0.0	0.0	
89.60000000000001 	0.0	0.0	0.0	0.0	-0.030397889870446625	-0.023675640843210624	0.0	0.0	
89.80000000000001 	0.0	0.0	0.0	0.0	-0.0354561338994271	0.014123766165846355	0.0	0.0	
90.0 	0.0	0.0	0.0	0.0	-0.005656662835372919	0.037378345287850605	0.0	0.0	
90.2 	0.0	0.0	0.0	0.0	0.029147982101194514	0.023527862254054437	0.0	0.0	
90.4 	0.0	0.0	0.0	0.0	0.0347104719512707	-0.013171200157845182	0.0	0.0	
90.60000000000001 	0.0	0.0	0.0	0.0	0.006097739743903619	-0.036277827586412785	0.0	0.0	
90.80000000000001 	0.0	0.0	0.0	0.0	-0.027969885930087965	-0.02334545441685527	0.0	0.0	
91.0 	0.0	0.0	0.0	0.0	-0.03392146410332063	0.012266193708042378	0.0	0.0	
91.2 	0.0	0.0	0.0	0.0	-0.006414089877039664	0.035142732259147366	0.0	0.0	
91.4 	0.0	0.0	0.0	0.0	0.026902175851344783	0.023013890338758985	0.0	0.0	
91.60000000000001 	0.0	0.0	0.0	0.0	0.03314371139847382	-0.011569387899418653	0.0	0.0	
91.80000000000001 	0.0	0.0	0.0	0.0	0.0066344296723756324	-0.034173494083726635	0.0	0.0	
92.0 	0.0	0.0	0.0	0.0	-0.02596203854594594	-0.02273733598636557	0.0	0.0	
92.2 	0.0	0.0	0.0	0.0	-0.03242436090633477	0.010909632467650046	0.0	0.0	
92.4 	0.0	0.0	0.0	0.0	-0.006798188210358019	0.03324133804561139	0.0	0.0	
92.60000000000001 	0.0	0.0	0.0	0.0	0.025147046657969203	0.022405878375542157	0.0	0.0	
92.80000000000001 	0.0	0.0	0.0	0.0	0.031796972576502845	-0.010414223481984859	0.0	0.0	
93.0 	0.0	0.0	0.0	0.0	0.006946436230247217	-0.03251119230737374	0.0	0.0	
93.2 	0.0	0.0	0.0	0.0	-0.02444063336818033	-0.02221184816786714	0.0	0.0	
93.4 	0.0	0.0	0.0	0.0	-0.03127997425845782	0.00989394228741767	0.0	0.0	
93.60000000000001 	0.0	0.0	0.0	0.0	-0.0071150711015812804	0.031822426452508844	0.0	0.0	
93.80000000000001 	0.0	0.0	0.0	0.0	0.023818996046265823	0.02202411591181201	0.0	0.0	
94.0 	0.0	0.0	0.0	0.0	0.03087897833763156	-0.009472724990669253	0.0	0.0	
94.2 	0.0	0.0	0.0	0.0	0.007331531147375063	-0.03131761079010936	0.0	0.0	
94.4 	0.0	0.0	0.0	0.0	-0.023257071495291815	-0.02201228299761824	0.0	0.0	
94.60000000000001 	0.0	0.0	0.0	0.0	-0.03059106870688574	0.008968134366565555	0.0	0.0	
94.80000000000001 	0.0	0.0	0.0	0.0	-0.007614707217503399	0.030824567966667694	0.0	0.0	
95.0 	0.0	0.0	0.0	0.0	0.02273240412809699	0.02202654970439281	0.0	0.0	
95.2 	0.0	0.0	0.0	0.0	0.03040941554334267	-0.008515502277612268	0.0	0.0	
95.4 	0.0	0.0	0.0	0.0	0.007977195013738805	-0.03048347178281093	0.0	0.0	
95.60000000000001 	0.0	0.0	0.0	0.0	-0.02222637768207761	-0.02222494804271678	0.0	0.0	
95.80000000000001 	0.0	0.0	0.0	0.0	-0.03032668746579289	0.0079430457357101	0.0	0.0	
96.0 	0.0	0.0	0.0	0.0	-0.008428370071279945	0.030124902194606267	0.0	0.0	
96.2 	0.0	0.0	0.0	0.0	0.02172341452259386	0.022452948000069913	0.0	0.0	
96.4 	0.0	0.0	0.0	0.0	0.03033675168577244	-0.007392894551230208	0.0	0.0	
96.60000000000001 	0.0	0.0	0.0	0.0	0.008977226699741542	-0.02989301086930909	0.0	0.0	
96.80000000000001 	0.0	0.0	0.0	0.0	-0.02120887868061725	-0.022868766071671227	0.0	0.0	
97.0 	0.0	0.0	0.0	0.0	-0.03043451157075818	0.006694924393829801	0.0	0.0	
97.2 	0.0	0.0	0.0	0.0	-0.009634033736982212	0.029620137512858434	0.0	0.0	
97.4 	0.0	0.0	0.0	0.0	0.02066680937196732	0.02331975267207152	0.0	0.0	
97.60000000000001 	0.0	0.0	0.0	0.0	0.030614512829584575	-0.00598878678566003	0.0	0.0	
97.80000000000001 	0.0	0.0	0.0	0.0	0.010410670224277047	-0.029448427884516643	0.0	0.0	
98.0 	0.0	0.0	0.0	0.0	-0.020078116593239263	-0.023964998557068316	0.0	0.0	
98.2 	0.0	0.0	0.0	0.0	-0.030868864946385115	0.005099557264839038	0.0	0.0	
98.4 	0.0	0.0	0.0	0.0	-0.011319640361847962	0.02920410754415383	0.0	0.0	
98.60000000000001 	0.0	0.0	0.0	0.0	0.019419828767106892	0.024649511006009168	0.0	0.0	
98.80000000000001 	0.0	0.0	0.0	0.0	0.031185291376818577	-0.004162311038310589	0.0	0.0	
99.0 	0.0	0.0	0.0	0.0	0.012372320962163202	-0.02902033051288969	0.0	0.0	
99.2 	0.0	0.0	0.0	0.0	-0.018665357898517424	-0.025526104267865894	0.0	0.0	
99.4 	0.0	0.0	0.0	0.0	-0.031545669045145955	0.0029996793258859813	0.0	0.0	
99.60000000000001 	0.0	0.0	0.0	0.0	-0.01357681298311787	0.028713020065440863	0.0	0.0	
99.80000000000001 	0.0	0.0	0.0	0.0	0.017785753128049964	0.0264296046822451	0.0	0.0	
