0.0 	0.0	0.0	0.0	0.0	1.0	0.0	0.0	0.0	
0.2 	0.0	0.0	0.0	0.0	0.5559980789213278	-0.8270572906639282	0.0	0.0	
0.4 	0.0	0.0	0.0	0.0	-0.373167454780283	-0.9130854361066959	0.0	0.0	
0.6000000000000001 	0.0	0.0	0.0	0.0	-0.9503490363234678	-0.193806779134637	0.0	0.0	
0.8 	0.0	0.0	0.0	0.0	-0.6717305698564404	0.6686734571331345	0.0	0.0	
1.0 	0.0	0.0	0.0	0.0	0.18295476435784858	0.9026419066319761	0.0	0.0	
1.2000000000000002 	0.0	0.0	0.0	0.0	0.8272086641808758	0.32963227813344814	0.0	0.0	
1.4000000000000001 	0.0	0.0	0.0	0.0	0.6992757757930878	-0.4958711900131178	0.0	0.0	
1.6 	0.0	0.0	0.0	0.0	-0.038442288117503685	-0.8214277361308985	0.0	0.0	
1.8 	0.0	0.0	0.0	0.0	-0.6832522571686529	-0.38975644665390263	0.0	0.0	
2.0 	0.0	0.0	0.0	0.0	-0.6617461520454608	0.35479175779343003	0.0	0.0	
2.2 	0.0	0.0	0.0	0.0	-0.045270415616658566	0.714286432722414	0.0	0.0	
2.4000000000000004 	0.0	0.0	0.0	0.0	0.5571013252062312	0.3928079470534664	0.0	0.0	
2.6 	0.0	0.0	0.0	0.0	0.595162689608991	-0.2587715275468125	0.0	0.0	
2.8000000000000003 	0.0	0.0	0.0	0.0	0.0815483297978018	-0.6124696832529528	0.0	0.0	
3.0 	0.0	0.0	0.0	0.0	-0.4608095642943793	-0.3659204312161443	0.0	0.0	
3.2 	0.0	0.0	0.0	0.0	-0.5238611781158429	0.1998245156082809	0.0	0.0	
3.4000000000000004 	0.0	0.0	0.0	0.0	-0.08920672910431453	0.5271510477465898	0.0	0.0	
3.6 	0.0	0.0	0.0	0.0	0.3913623376113748	0.3274707483773747	0.0	0.0	
3.8000000000000003 	0.0	0.0	0.0	0.0	0.45840060969879887	-0.16607663238103232	0.0	0.0	
4.0 	0.0	0.0	0.0	0.0	0.08186496374612483	-0.45909489165790124	0.0	0.0	
4.2 	0.0	0.0	0.0	0.0	-0.3420214425542349	-0.28708160871815674	0.0	0.0	
4.4 	0.0	0.0	0.0	0.0	-0.4017165856696722	0.14789000073342337	0.0	0.0	
4.6000000000000005 	0.0	0.0	0.0	0.0	-0.06753812386918931	0.40529169083425326	0.0	0.0	
4.800000000000001 	0.0	0.0	0.0	0.0	0.30671825562485416	0.24869731140329118	0.0	0.0	
5.0 	0.0	0.0	0.0	0.0	0.3535859082961932	-0.1390904627350281	0.0	0.0	
5.2 	0.0	0.0	0.0	0.0	0.050561271179758165	-0.36251386121866147	0.0	0.0	
5.4 	0.0	0.0	0.0	0.0	-0.28085731370784356	-0.213790343519076	0.0	0.0	
5.6000000000000005 	0.0	0.0	0.0	0.0	-0.3125721902180525	0.13564089800224505	0.0	0.0	
5.800000000000001 	0.0	0.0	0.0	0.0	-0.03286650967996339	0.32764253029519985	0.0	0.0	
6.0 	0.0	0.0	0.0	0.0	0.26149548713234483	0.182023846687656	0.0	0.0	
6.2 	0.0	0.0	0.0	0.0	0.2771766247050628	-0.13587338966350931	0.0	0.0	
6.4 	0.0	0.0	0.0	0.0	0.014984775131924309	-0.2991275244705407	0.0	0.0	
6.6000000000000005 	0.0	0.0	0.0	0.0	-0.24736368826948527	-0.15334767549209105	0.0	0.0	
6.800000000000001 	0.0	0.0	0.0	0.0	-0.24700481725096485	0.13871332016366264	0.0	0.0	
7.0 	0.0	0.0	0.0	0.0	0.0021952348258893143	0.2762136964452245	0.0	0.0	
7.2 	0.0	0.0	0.0	0.0	0.23729870184352497	0.12832733183125647	0.0	0.0	
7.4 	0.0	0.0	0.0	0.0	0.22196870753283274	-0.14263067689099035	0.0	0.0	
7.6000000000000005 	0.0	0.0	0.0	0.0	-0.01725945497179187	-0.2577356929507569	0.0	0.0	
7.800000000000001 	0.0	0.0	0.0	0.0	-0.22923209932106475	-0.10726985806970746	0.0	0.0	
8.0 	0.0	0.0	0.0	0.0	-0.20071904162899107	0.1458671310289185	0.0	0.0	
8.200000000000001 	0.0	0.0	0.0	0.0	0.030043071323460496	0.24154096838721315	0.0	0.0	
8.4 	0.0	0.0	0.0	0.0	0.22179440284541574	0.08882848886486164	0.0	0.0	
8.6 	0.0	0.0	0.0	0.0	0.181707703129459	-0.1484973901443665	0.0	0.0	
8.8 	0.0	0.0	0.0	0.0	-0.04138667701611295	-0.22688093219421707	0.0	0.0	
9.0 	0.0	0.0	0.0	0.0	-0.21495557524095257	-0.07226379973781583	0.0	0.0	
9.200000000000001 	0.0	0.0	0.0	0.0	-0.164508736444199	0.1507323018470135	0.0	0.0	
9.4 	0.0	0.0	0.0	0.0	0.051546279234469	0.21351972556497045	0.0	0.0	
9.600000000000001 	0.0	0.0	0.0	0.0	0.20862098094169654	0.057320990926220464	0.0	0.0	
9.8 	0.0	0.0	0.0	0.0	0.14892208823856906	-0.1525422997783944	0.0	0.0	
10.0 	0.0	0.0	0.0	0.0	-0.060485661160246396	-0.2012159641863226	0.0	0.0	
10.200000000000001 	0.0	0.0	0.0	0.0	-0.2024234943342924	-0.043865387554258256	0.0	0.0	
10.4 	0.0	0.0	0.0	0.0	-0.13446616512608933	0.1537133744103901	0.0	0.0	
10.600000000000001 	0.0	0.0	0.0	0.0	0.06848787818469372	0.1894458703449645	0.0	0.0	
10.8 	0.0	0.0	0.0	0.0	0.1962972793428296	0.03132208577249838	0.0	0.0	
11.0 	0.0	0.0	0.0	0.0	0.12082187577088875	-0.15461424483468134	0.0	0.0	
11.200000000000001 	0.0	0.0	0.0	0.0	-0.07589982206860074	-0.17828365639672536	0.0	0.0	
11.4 	0.0	0.0	0.0	0.0	-0.19043010709613797	-0.019552181737783458	0.0	0.0	
11.600000000000001 	0.0	0.0	0.0	0.0	-0.1079430190114759	0.15545182513443906	0.0	0.0	
11.8 	0.0	0.0	0.0	0.0	0.08299901001255831	0.1678747096175049	0.0	0.0	
12.0 	0.0	0.0	0.0	0.0	0.18529490519602415	0.008520770965902666	0.0	0.0	
12.200000000000001 	0.0	0.0	0.0	0.0	0.09640379804305062	-0.15657380842891355	0.0	0.0	
12.4 	0.0	0.0	0.0	0.0	-0.08932115422664469	-0.15897494254081893	0.0	0.0	
12.600000000000001 	0.0	0.0	0.0	0.0	-0.1808457992120007	0.000677866566693872	0.0	0.0	
12.8 	0.0	0.0	0.0	0.0	-0.08682316993191509	0.1568720780800711	0.0	0.0	
13.0 	0.0	0.0	0.0	0.0	0.09361785622490232	0.15096044108646123	0.0	0.0	
13.200000000000001 	0.0	0.0	0.0	0.0	0.17562575408312134	-0.007774558575756292	0.0	0.0	
13.4 	0.0	0.0	0.0	0.0	0.07820040381146443	-0.15515787139002343	0.0	0.0	
13.600000000000001 	0.0	0.0	0.0	0.0	-0.09586946182065426	-0.14218922964740496	0.0	0.0	
13.8 	0.0	0.0	0.0	0.0	-0.1684768722424625	0.014089945609752647	0.0	0.0	
14.0 	0.0	0.0	0.0	0.0	-0.06868501203810641	0.15174379691248804	0.0	0.0	
14.200000000000001 	0.0	0.0	0.0	0.0	0.09781245218109198	0.13174197162657117	0.0	0.0	
14.4 	0.0	0.0	0.0	0.0	0.1602660821331512	-0.0214089900773241	0.0	0.0	
14.600000000000001 	0.0	0.0	0.0	0.0	0.05795269614056335	-0.14851734946404116	0.0	0.0	
14.8 	0.0	0.0	0.0	0.0	-0.10070912396661207	-0.12084453928402299	0.0	0.0	
15.0 	0.0	0.0	0.0	0.0	-0.15252757404207967	0.029560486627926177	0.0	0.0	
15.200000000000001 	0.0	0.0	0.0	0.0	-0.047085312285884307	0.14622756566914855	0.0	0.0	
15.4 	0.0	0.0	0.0	0.0	0.10436434324767212	0.11062015625839629	0.0	0.0	
15.600000000000001 	0.0	0.0	0.0	0.0	0.14592568169692477	-0.03770625688409211	0.0	0.0	
15.8 	0.0	0.0	0.0	0.0	0.03717990821260576	-0.14477802859953123	0.0	0.0	
16.0 	0.0	0.0	0.0	0.0	-0.10783977055577286	-0.10178182937804095	0.0	0.0	
16.2 	0.0	0.0	0.0	0.0	-0.14015726725102343	0.04463930136652216	0.0	0.0	
16.400000000000002 	0.0	0.0	0.0	0.0	-0.02873008935220952	0.1429975480885013	0.0	0.0	
16.6 	0.0	0.0	0.0	0.0	0.11004835845301422	0.09369702434049701	0.0	0.0	
16.8 	0.0	0.0	0.0	0.0	0.1340080947210371	-0.050188477320690664	0.0	0.0	
17.0 	0.0	0.0	0.0	0.0	0.020923673725201875	-0.13998742290733887	0.0	0.0	
17.2 	0.0	0.0	0.0	0.0	-0.1110241778164234	-0.0851219070988006	0.0	0.0	
17.400000000000002 	0.0	0.0	0.0	0.0	-0.12666251727174704	0.0554075764392531	0.0	0.0	
17.6 	0.0	0.0	0.0	0.0	-0.01235900583730417	0.13613557909473392	0.0	0.0	
17.8 	0.0	0.0	0.0	0.0	0.11225734312416523	0.07555125159945629	0.0	0.0	
18.0 	0.0	0.0	0.0	0.0	0.11916341078952401	-0.06158263301120048	0.0	0.0	
18.2 	0.0	0.0	0.0	0.0	0.0032699891054775066	-0.13310317746895728	0.0	0.0	
18.400000000000002 	0.0	0.0	0.0	0.0	-0.1143710252349402	-0.06648933632899895	0.0	0.0	
18.6 	0.0	0.0	0.0	0.0	-0.1127195701687818	0.06780759620446386	0.0	0.0	
18.8 	0.0	0.0	0.0	0.0	0.005009597864901536	0.13076248078355715	0.0	0.0	
19.0 	0.0	0.0	0.0	0.0	0.11635136051270248	0.05845824772603502	0.0	0.0	
19.200000000000003 	0.0	0.0	0.0	0.0	0.10688514449396627	-0.07325391821799802	0.0	0.0	
19.400000000000002 	0.0	0.0	0.0	0.0	-0.012377637804080695	-0.12835466364306738	0.0	0.0	
19.6 	0.0	0.0	0.0	0.0	-0.11777022977663208	-0.05100431298908058	0.0	0.0	
19.8 	0.0	0.0	0.0	0.0	-0.10117169968427743	0.07805118410168564	0.0	0.0	
20.0 	0.0	0.0	0.0	0.0	0.019229567848557633	0.12582776155860456	0.0	0.0	
20.200000000000003 	0.0	0.0	0.0	0.0	0.11895320144775089	0.0440541004007897	0.0	0.0	
20.400000000000002 	0.0	0.0	0.0	0.0	0.09597211291149445	-0.0822564734176014	0.0	0.0	
20.6 	0.0	0.0	0.0	0.0	-0.025000870037795855	-0.12335180394083009	0.0	0.0	
20.8 	0.0	0.0	0.0	0.0	-0.11922808078603134	-0.03810218403109143	0.0	0.0	
21.0 	0.0	0.0	0.0	0.0	-0.09076760241734924	0.08492602863017942	0.0	0.0	
21.200000000000003 	0.0	0.0	0.0	0.0	0.02971299610740066	0.1196458597997561	0.0	0.0	
21.400000000000002 	0.0	0.0	0.0	0.0	0.11789928673767246	0.031904271697765135	0.0	0.0	
21.6 	0.0	0.0	0.0	0.0	0.08423305821703697	-0.08677300164189239	0.0	0.0	
21.8 	0.0	0.0	0.0	0.0	-0.03488744349871682	-0.11452854146718885	0.0	0.0	
22.0 	0.0	0.0	0.0	0.0	-0.11606314588126986	-0.024381855189582618	0.0	0.0	
22.200000000000003 	0.0	0.0	0.0	0.0	-0.07652310581195236	0.08934734836490248	0.0	0.0	
22.400000000000002 	0.0	0.0	0.0	0.0	0.04144253486145359	0.1093259250642268	0.0	0.0	
22.6 	0.0	0.0	0.0	0.0	0.11535096789818844	0.015995616288927973	0.0	0.0	
22.8 	0.0	0.0	0.0	0.0	0.06927686086444124	-0.09331736916074582	0.0	0.0	
23.0 	0.0	0.0	0.0	0.0	-0.048444810512208954	-0.10557602897822041	0.0	0.0	
23.200000000000003 	0.0	0.0	0.0	0.0	-0.11590397270427634	-0.008495174658674626	0.0	0.0	
23.400000000000002 	0.0	0.0	0.0	0.0	-0.06355942010710312	0.09744568002374367	0.0	0.0	
23.6 	0.0	0.0	0.0	0.0	0.054476638348829674	0.10298221634319196	0.0	0.0	
23.8 	0.0	0.0	0.0	0.0	0.11662909460288248	0.002467613688332426	0.0	0.0	
24.0 	0.0	0.0	0.0	0.0	0.059037304229022404	-0.10072534841358298	0.0	0.0	
24.200000000000003 	0.0	0.0	0.0	0.0	-0.05910411186515215	-0.10070173256429181	0.0	0.0	
24.400000000000002 	0.0	0.0	0.0	0.0	-0.11667646770543141	0.002376343371467805	0.0	0.0	
24.6 	0.0	0.0	0.0	0.0	-0.05490088627792746	0.10285626792059498	0.0	0.0	
24.8 	0.0	0.0	0.0	0.0	0.06280159466149984	0.0980911944090286	0.0	0.0	
25.0 	0.0	0.0	0.0	0.0	0.11616293272141374	-0.0067188468515569375	0.0	0.0	
25.200000000000003 	0.0	0.0	0.0	0.0	0.05106863872629947	-0.10440251292646456	0.0	0.0	
25.400000000000002 	0.0	0.0	0.0	0.0	-0.06570760054220086	-0.09563412271469124	0.0	0.0	
25.6 	0.0	0.0	0.0	0.0	-0.1153016215634143	0.01005354098629053	0.0	0.0	
25.8 	0.0	0.0	0.0	0.0	-0.04797383822942278	0.1048509924706262	0.0	0.0	
26.0 	0.0	0.0	0.0	0.0	0.06707632861557404	0.09302450145142734	0.0	0.0	
26.200000000000003 	0.0	0.0	0.0	0.0	0.11317976919183949	-0.012182464113394026	0.0	0.0	
26.400000000000002 	0.0	0.0	0.0	0.0	0.04494437369923789	-0.10336394889818579	0.0	0.0	
26.6 	0.0	0.0	0.0	0.0	-0.06686388597084429	-0.08900790374833789	0.0	0.0	
26.8 	0.0	0.0	0.0	0.0	-0.10880425574645099	0.01420921340782244	0.0	0.0	
27.0 	0.0	0.0	0.0	0.0	-0.04026869666818329	0.10024179052273724	0.0	0.0	
27.200000000000003 	0.0	0.0	0.0	0.0	0.06683871382564899	0.08271184420547226	0.0	0.0	
27.400000000000002 	0.0	0.0	0.0	0.0	0.1032081910575907	-0.018015035580582345	0.0	0.0	
27.6 	0.0	0.0	0.0	0.0	0.033727597543544444	-0.09770712793639931	0.0	0.0	
27.8 	0.0	0.0	0.0	0.0	-0.06843608297587458	-0.07583837044949523	0.0	0.0	
28.0 	0.0	0.0	0.0	0.0	-0.09846199980126119	0.023058968922140308	0.0	0.0	
28.200000000000003 	0.0	0.0	0.0	0.0	-0.0271843578210084	0.09650451145307191	0.0	0.0	
28.400000000000002 	0.0	0.0	0.0	0.0	0.07071038367178976	0.06999837344756826	0.0	0.0	
28.6 	0.0	0.0	0.0	0.0	0.09482045709924743	-0.02759953136404836	0.0	0.0	
28.8 	0.0	0.0	0.0	0.0	0.021877816435836982	-0.09547451198413853	0.0	0.0	
29.0 	0.0	0.0	0.0	0.0	-0.07200569267506084	-0.06502264454201205	0.0	0.0	
29.200000000000003 	0.0	0.0	0.0	0.0	-0.09086420463021411	0.030828772978697395	0.0	0.0	
29.400000000000002 	0.0	0.0	0.0	0.0	-0.017110401576136046	0.09320780970321285	0.0	0.0	
29.6 	0.0	0.0	0.0	0.0	0.07214168845714204	0.05946005619397903	0.0	0.0	
29.8 	0.0	0.0	0.0	0.0	0.08573948540815615	-0.03372197990752541	0.0	0.0	
30.0 	0.0	0.0	0.0	0.0	0.011821444266058133	-0.08993073752976373	0.0	0.0	
30.200000000000003 	0.0	0.0	0.0	0.0	-0.07186038015203333	-0.05287232605608929	0.0	0.0	
30.400000000000002 	0.0	0.0	0.0	0.0	-0.07952951114695117	0.03697420362626851	0.0	0.0	
30.6 	0.0	0.0	0.0	0.0	-0.005462000706727821	0.08605887836288326	0.0	0.0	
30.8 	0.0	0.0	0.0	0.0	0.07194069092341675	0.04501970336231529	0.0	0.0	
31.0 	0.0	0.0	0.0	0.0	0.072670860918326	-0.041459822499365556	0.0	0.0	
31.200000000000003 	0.0	0.0	0.0	0.0	-0.002279635591029051	-0.08265400602605369	0.0	0.0	
31.400000000000002 	0.0	0.0	0.0	0.0	-0.07340258059794189	-0.03650893154943691	0.0	0.0	
31.6 	0.0	0.0	0.0	0.0	-0.06637040148985289	0.04747878327934625	0.0	0.0	
31.8 	0.0	0.0	0.0	0.0	0.010747087091941516	0.08086927920285923	0.0	0.0	
32.0 	0.0	0.0	0.0	0.0	0.07666145069455438	0.028754392052874996	0.0	0.0	
32.2 	0.0	0.0	0.0	0.0	0.062078115478509444	-0.05418923046687755	0.0	0.0	
32.4 	0.0	0.0	0.0	0.0	-0.018083662445895998	-0.08104255879592473	0.0	0.0	
32.6 	0.0	0.0	0.0	0.0	-0.0803564847181549	-0.02329071047829349	0.0	0.0	
32.800000000000004 	0.0	0.0	0.0	0.0	-0.059618461800917365	0.0594698498195265	0.0	0.0	
33.0 	0.0	0.0	0.0	0.0	0.02317970252353179	0.0813862757244827	0.0	0.0	
33.2 	0.0	0.0	0.0	0.0	0.08263109272283432	0.01940794777837932	0.0	0.0	
33.4 	0.0	0.0	0.0	0.0	0.05726583077911875	-0.062763881506627	0.0	0.0	
33.6 	0.0	0.0	0.0	0.0	-0.02687784429707154	-0.08050710252257168	0.0	0.0	
33.800000000000004 	0.0	0.0	0.0	0.0	-0.08318698229012711	-0.01565929285433355	0.0	0.0	
34.0 	0.0	0.0	0.0	0.0	-0.053895642149459196	0.0648641192330766	0.0	0.0	
34.2 	0.0	0.0	0.0	0.0	0.030470317232514532	0.07825827232752637	0.0	0.0	
34.4 	0.0	0.0	0.0	0.0	0.08286522357675487	0.011180435136487261	0.0	0.0	
34.6 	0.0	0.0	0.0	0.0	0.04963460347609138	-0.06681824513104803	0.0	0.0	
34.800000000000004 	0.0	0.0	0.0	0.0	-0.03437078833799224	-0.07536502998101395	0.0	0.0	
35.0 	0.0	0.0	0.0	0.0	-0.08218326985488048	-0.006177371136560742	0.0	0.0	
35.2 	0.0	0.0	0.0	0.0	-0.0447110070551419	0.068761858669741	0.0	0.0	
35.4 	0.0	0.0	0.0	0.0	0.03874384914816287	0.07192258756957025	0.0	0.0	
35.6 	0.0	0.0	0.0	0.0	0.08147400351708299	0.00040375247708809956	0.0	0.0	
35.800000000000004 	0.0	0.0	0.0	0.0	0.039254425853967684	-0.07128909319272995	0.0	0.0	
36.0 	0.0	0.0	0.0	0.0	-0.04390487616801167	-0.06857785746140238	0.0	0.0	
36.2 	0.0	0.0	0.0	0.0	-0.0814217877068933	0.005833540359343997	0.0	0.0	
36.4 	0.0	0.0	0.0	0.0	-0.03395327032636037	0.0746462196538149	0.0	0.0	
36.6 	0.0	0.0	0.0	0.0	0.049585726195518105	0.06599875491278373	0.0	0.0	
36.800000000000004 	0.0	0.0	0.0	0.0	0.08238237836320907	-0.01185889696327872	0.0	0.0	
37.0 	0.0	0.0	0.0	0.0	0.029627309593117237	-0.07859338045671489	0.0	0.0	
37.2 	0.0	0.0	0.0	0.0	-0.05493329334995179	-0.06457651357037959	0.0	0.0	
37.4 	0.0	0.0	0.0	0.0	-0.08390239751297499	0.016820005671888114	0.0	0.0	
37.6 	0.0	0.0	0.0	0.0	-0.02639367246510985	0.08223203297064104	0.0	0.0	
37.800000000000004 	0.0	0.0	0.0	0.0	0.05943592054215291	0.06375225842029632	0.0	0.0	
38.0 	0.0	0.0	0.0	0.0	0.08545121019162612	-0.02081773628291081	0.0	0.0	
38.2 	0.0	0.0	0.0	0.0	0.024008150836351192	-0.0853966666170595	0.0	0.0	
38.400000000000006 	0.0	0.0	0.0	0.0	-0.06301604480970181	-0.06342096472635239	0.0	0.0	
38.6 	0.0	0.0	0.0	0.0	-0.08685531563869024	0.023693301061485386	0.0	0.0	
38.800000000000004 	0.0	0.0	0.0	0.0	-0.022483911034419508	0.08773650304078483	0.0	0.0	
39.0 	0.0	0.0	0.0	0.0	0.06537859783215595	0.06331976645997899	0.0	0.0	
39.2 	0.0	0.0	0.0	0.0	0.08772797354500021	-0.025369698898700714	0.0	0.0	
39.400000000000006 	0.0	0.0	0.0	0.0	0.0216901083679102	-0.08883894495165055	0.0	0.0	
39.6 	0.0	0.0	0.0	0.0	-0.0661612445374353	-0.06300483909790545	0.0	0.0	
39.800000000000004 	0.0	0.0	0.0	0.0	-0.08729883680674294	0.025904679942206545	0.0	0.0	
40.0 	0.0	0.0	0.0	0.0	-0.02084857792663748	0.08814118362030361	0.0	0.0	
40.2 	0.0	0.0	0.0	0.0	0.06567404109138453	0.0614363304389694	0.0	0.0	
40.400000000000006 	0.0	0.0	0.0	0.0	0.08517446344154718	-0.026347063653460387	0.0	0.0	
40.6 	0.0	0.0	0.0	0.0	0.01904315684903176	-0.08618871463703215	0.0	0.0	
40.800000000000004 	0.0	0.0	0.0	0.0	-0.0648518521328192	-0.058425195406856686	0.0	0.0	
41.0 	0.0	0.0	0.0	0.0	-0.08178845293706398	0.02741885552982992	0.0	0.0	
41.2 	0.0	0.0	0.0	0.0	-0.015990367049336353	0.08372733831025282	0.0	0.0	
41.400000000000006 	0.0	0.0	0.0	0.0	0.06448428985867122	0.054242671931272315	0.0	0.0	
41.6 	0.0	0.0	0.0	0.0	0.07794843209405349	-0.029511078737068316	0.0	0.0	
41.800000000000004 	0.0	0.0	0.0	0.0	0.012063684150319467	-0.08159832836394837	0.0	0.0	
42.0 	0.0	0.0	0.0	0.0	-0.06478245969093424	-0.049733416672638656	0.0	0.0	
42.2 	0.0	0.0	0.0	0.0	-0.07424509300997571	0.03216533235847496	0.0	0.0	
42.400000000000006 	0.0	0.0	0.0	0.0	-0.0078423506392329	0.07984086805880015	0.0	0.0	
42.6 	0.0	0.0	0.0	0.0	0.06549882122556958	0.0452466602309365	0.0	0.0	
42.800000000000004 	0.0	0.0	0.0	0.0	0.07084174871233272	-0.03504728414595557	0.0	0.0	
43.0 	0.0	0.0	0.0	0.0	0.003744347671949433	-0.07838807143594184	0.0	0.0	
43.2 	0.0	0.0	0.0	0.0	-0.06621228345513239	-0.04104444411679227	0.0	0.0	
43.400000000000006 	0.0	0.0	0.0	0.0	-0.06750683073733166	0.037674314629547206	0.0	0.0	
43.6 	0.0	0.0	0.0	0.0	0.00020974700982634965	0.07670983200081243	0.0	0.0	
43.800000000000004 	0.0	0.0	0.0	0.0	0.06669413267359539	0.03669276690983181	0.0	0.0	
44.0 	0.0	0.0	0.0	0.0	0.06389536401888428	-0.04030176233580113	0.0	0.0	
44.2 	0.0	0.0	0.0	0.0	-0.004375402618401345	-0.07484942543928563	0.0	0.0	
44.400000000000006 	0.0	0.0	0.0	0.0	-0.06719320295055492	-0.032033875077307004	0.0	0.0	
44.6 	0.0	0.0	0.0	0.0	-0.06003233615473679	0.04321078293356598	0.0	0.0	
44.800000000000004 	0.0	0.0	0.0	0.0	0.009016785624968158	0.07305209392398751	0.0	0.0	
45.0 	0.0	0.0	0.0	0.0	0.0682059320115705	0.027078363324530008	0.0	0.0	
45.2 	0.0	0.0	0.0	0.0	0.056445333616899226	-0.04675780014102471	0.0	0.0	
45.400000000000006 	0.0	0.0	0.0	0.0	-0.013844248798701478	-0.07199979072916865	0.0	0.0	
45.6 	0.0	0.0	0.0	0.0	-0.06986610858429576	-0.02259816400742132	0.0	0.0	
45.800000000000004 	0.0	0.0	0.0	0.0	-0.05366129480347986	0.05040200828924741	0.0	0.0	
46.0 	0.0	0.0	0.0	0.0	0.018195819715626258	0.07160391335664455	0.0	0.0	
46.2 	0.0	0.0	0.0	0.0	0.07172751059270407	0.018933694954111287	0.0	0.0	
46.400000000000006 	0.0	0.0	0.0	0.0	0.05168709708381963	-0.05364154961467097	0.0	0.0	
46.6 	0.0	0.0	0.0	0.0	-0.021632425989969794	-0.07155909606140518	0.0	0.0	
46.800000000000004 	0.0	0.0	0.0	0.0	-0.07318466159406452	-0.01621090866695379	0.0	0.0	
47.0 	0.0	0.0	0.0	0.0	-0.05009675924510363	0.055943609175799214	0.0	0.0	
47.2 	0.0	0.0	0.0	0.0	0.024184312474230998	0.07118241923047276	0.0	0.0	
47.400000000000006 	0.0	0.0	0.0	0.0	0.07390655208480942	0.013917318913874304	0.0	0.0	
47.6 	0.0	0.0	0.0	0.0	0.048443309788965036	-0.057464185544651464	0.0	0.0	
47.800000000000004 	0.0	0.0	0.0	0.0	-0.026125699807532796	-0.07032411691446715	0.0	0.0	
48.0 	0.0	0.0	0.0	0.0	-0.07384499166600737	-0.011832990325021896	0.0	0.0	
48.2 	0.0	0.0	0.0	0.0	-0.046427861367066975	0.05823661188225665	0.0	0.0	
48.400000000000006 	0.0	0.0	0.0	0.0	0.027776012360667124	0.06871842676593626	0.0	0.0	
48.6 	0.0	0.0	0.0	0.0	0.07311060113603382	0.009487875977039333	0.0	0.0	
48.800000000000004 	0.0	0.0	0.0	0.0	0.04387300864274969	-0.05870597427446328	0.0	0.0	
49.0 	0.0	0.0	0.0	0.0	-0.02948413542130808	-0.06657679364363348	0.0	0.0	
49.2 	0.0	0.0	0.0	0.0	-0.07199275225093164	-0.006806611308966995	0.0	0.0	
49.400000000000006 	0.0	0.0	0.0	0.0	-0.040813942991370485	0.05910120727811191	0.0	0.0	
49.6 	0.0	0.0	0.0	0.0	0.03150505724513082	0.06404961716247914	0.0	0.0	
49.800000000000004 	0.0	0.0	0.0	0.0	0.07089488154698895	0.0036757658712776985	0.0	0.0	
50.0 	0.0	0.0	0.0	0.0	0.037573702445979365	-0.05982727275831851	0.0	0.0	
50.2 	0.0	0.0	0.0	0.0	-0.03377363035880534	-0.06169331294794476	0.0	0.0	
50.400000000000006 	0.0	0.0	0.0	0.0	-0.07003649174457371	-0.0005851087123723	0.0	0.0	
50.6 	0.0	0.0	0.0	0.0	-0.03452839855145419	0.06062903072284605	0.0	0.0	
50.800000000000004 	0.0	0.0	0.0	0.0	0.035955307287715246	0.05951785772199997	0.0	0.0	
51.0 	0.0	0.0	0.0	0.0	0.06927859003012425	-0.002297525935103692	0.0	0.0	
51.2 	0.0	0.0	0.0	0.0	0.031770035856410514	-0.061349968893156255	0.0	0.0	
51.400000000000006 	0.0	0.0	0.0	0.0	-0.03780810890673342	-0.057511708074795366	0.0	0.0	
51.6 	0.0	0.0	0.0	0.0	-0.06836215046148011	0.004800824777870042	0.0	0.0	
51.800000000000004 	0.0	0.0	0.0	0.0	-0.029128621797935905	0.06168961504342057	0.0	0.0	
52.0 	0.0	0.0	0.0	0.0	0.03937871845879584	0.0553376068235624	0.0	0.0	
52.2 	0.0	0.0	0.0	0.0	0.06724043318536704	-0.007227562137863651	0.0	0.0	
52.400000000000006 	0.0	0.0	0.0	0.0	0.026514817809108058	-0.061894529046759024	0.0	0.0	
52.6 	0.0	0.0	0.0	0.0	-0.040769300672367795	-0.05319940083281952	0.0	0.0	
52.800000000000004 	0.0	0.0	0.0	0.0	-0.066029935446066	0.009405491922271029	0.0	0.0	
53.0 	0.0	0.0	0.0	0.0	-0.02406640628988183	0.0618415683113755	0.0	0.0	
53.2 	0.0	0.0	0.0	0.0	0.04184581820181268	0.05105878844498957	0.0	0.0	
53.400000000000006 	0.0	0.0	0.0	0.0	0.06466981673917346	-0.011277454067524135	0.0	0.0	
53.6 	0.0	0.0	0.0	0.0	0.021875360223518138	-0.06143536317932927	0.0	0.0	
53.800000000000004 	0.0	0.0	0.0	0.0	-0.042340736714509386	-0.048906959289463356	0.0	0.0	
54.0 	0.0	0.0	0.0	0.0	-0.06280344885704155	0.012635499841682121	0.0	0.0	
54.2 	0.0	0.0	0.0	0.0	-0.01967781892808931	0.06021143353079113	0.0	0.0	
54.400000000000006 	0.0	0.0	0.0	0.0	0.04224189708026871	0.04613730299612979	0.0	0.0	
54.6 	0.0	0.0	0.0	0.0	0.06008560979019305	-0.01398961410581304	0.0	0.0	
54.800000000000004 	0.0	0.0	0.0	0.0	0.01693844144992668	-0.05834933259096415	0.0	0.0	
55.0 	0.0	0.0	0.0	0.0	-0.04198167113090523	-0.042529182184103405	0.0	0.0	
55.2 	0.0	0.0	0.0	0.0	-0.05656880976549062	0.015787120717196748	0.0	0.0	
55.400000000000006 	0.0	0.0	0.0	0.0	-0.013255947989357073	0.056180829208284884	0.0	0.0	
55.6 	0.0	0.0	0.0	0.0	0.042208597643170954	0.03799048540083136	0.0	0.0	
55.800000000000004 	0.0	0.0	0.0	0.0	0.052765209005755244	-0.01861115514955416	0.0	0.0	
56.0 	0.0	0.0	0.0	0.0	0.008680734045420191	-0.05453875518340935	0.0	0.0	
56.2 	0.0	0.0	0.0	0.0	-0.04338305534860477	-0.0331886124196799	0.0	0.0	
56.400000000000006 	0.0	0.0	0.0	0.0	-0.04936977734129073	0.022287018520822245	0.0	0.0	
56.6 	0.0	0.0	0.0	0.0	-0.003706968120770935	0.053762261082144096	0.0	0.0	
56.800000000000004 	0.0	0.0	0.0	0.0	0.04552686343968106	0.028667795860510086	0.0	0.0	
57.0 	0.0	0.0	0.0	0.0	0.04690712824724836	-0.02650961807137743	0.0	0.0	
57.2 	0.0	0.0	0.0	0.0	-0.0009746076250034675	-0.05407750893560704	0.0	0.0	
57.400000000000006 	0.0	0.0	0.0	0.0	-0.048225762291499726	-0.025135619364667208	0.0	0.0	
57.6 	0.0	0.0	0.0	0.0	-0.045501713483438004	0.030447849433251264	0.0	0.0	
57.800000000000004 	0.0	0.0	0.0	0.0	0.004785287604078486	0.05496248001585754	0.0	0.0	
58.0 	0.0	0.0	0.0	0.0	0.05081810465980624	0.022609297327234438	0.0	0.0	
58.2 	0.0	0.0	0.0	0.0	0.04482588302678565	-0.03365863670285393	0.0	0.0	
58.400000000000006 	0.0	0.0	0.0	0.0	-0.007518570714013336	-0.05592494151023218	0.0	0.0	
58.6 	0.0	0.0	0.0	0.0	-0.05269727591662243	-0.02094596588218158	0.0	0.0	
58.800000000000004 	0.0	0.0	0.0	0.0	-0.04424766870548642	0.03575993144522971	0.0	0.0	
59.0 	0.0	0.0	0.0	0.0	0.009451825825650443	0.056203251897690744	0.0	0.0	
59.2 	0.0	0.0	0.0	0.0	0.05362782528591913	0.019371151124041263	0.0	0.0	
59.400000000000006 	0.0	0.0	0.0	0.0	0.04316622479217111	-0.03717598209077839	0.0	0.0	
59.6 	0.0	0.0	0.0	0.0	-0.011197069150179362	-0.055722836222299586	0.0	0.0	
59.800000000000004 	0.0	0.0	0.0	0.0	-0.053884235117561956	-0.017453067583116728	0.0	0.0	
60.0 	0.0	0.0	0.0	0.0	-0.04137272029647867	0.03835722596667442	0.0	0.0	
60.2 	0.0	0.0	0.0	0.0	0.013316673729836128	0.05461600594264714	0.0	0.0	
60.400000000000006 	0.0	0.0	0.0	0.0	0.05406159906485235	0.014857957994383556	0.0	0.0	
60.6 	0.0	0.0	0.0	0.0	0.03916858836976708	-0.03998950356844659	0.0	0.0	
60.800000000000004 	0.0	0.0	0.0	0.0	-0.015955678829406253	-0.0536190522366984	0.0	0.0	
61.0 	0.0	0.0	0.0	0.0	-0.05465523335163276	-0.01205640594266931	0.0	0.0	
61.2 	0.0	0.0	0.0	0.0	-0.03711819694647576	0.04202604040191224	0.0	0.0	
61.400000000000006 	0.0	0.0	0.0	0.0	0.018785313950232148	0.05303102012492546	0.0	0.0	
61.6 	0.0	0.0	0.0	0.0	0.055733815866581	0.009433686289408222	0.0	0.0	
61.800000000000004 	0.0	0.0	0.0	0.0	0.03562713668404565	-0.04428592136786623	0.0	0.0	
62.0 	0.0	0.0	0.0	0.0	-0.021299713789376697	-0.053037963732300665	0.0	0.0	
62.2 	0.0	0.0	0.0	0.0	-0.056964305292334066	-0.007498214561881574	0.0	0.0	
62.400000000000006 	0.0	0.0	0.0	0.0	-0.03469467582151517	0.046150699445582755	0.0	0.0	
62.6 	0.0	0.0	0.0	0.0	0.023197951974722977	0.05316314486652067	0.0	0.0	
62.800000000000004 	0.0	0.0	0.0	0.0	0.05793083861098626	0.006067070164622793	0.0	0.0	
63.0 	0.0	0.0	0.0	0.0	0.03401650466941274	-0.04752831077442372	0.0	0.0	
63.2 	0.0	0.0	0.0	0.0	-0.0245322218962932	-0.05319946049444335	0.0	0.0	
63.400000000000006 	0.0	0.0	0.0	0.0	-0.05844254586276966	-0.005015769953533866	0.0	0.0	
63.6 	0.0	0.0	0.0	0.0	-0.03329084342824991	0.0483352798779394	0.0	0.0	
63.800000000000004 	0.0	0.0	0.0	0.0	0.02554937746668386	0.05285640353428382	0.0	0.0	
64.0 	0.0	0.0	0.0	0.0	0.058584034417578326	0.003950254675547036	0.0	0.0	
64.2 	0.0	0.0	0.0	0.0	0.032433832364871705	-0.04893734148749471	0.0	0.0	
64.4 	0.0	0.0	0.0	0.0	-0.026427683732944574	-0.052383592459405055	0.0	0.0	
64.60000000000001 	0.0	0.0	0.0	0.0	-0.05853102324442227	-0.0029907167568639544	0.0	0.0	
64.8 	0.0	0.0	0.0	0.0	-0.03155023350242914	0.049299578675790504	0.0	0.0	
65.0 	0.0	0.0	0.0	0.0	0.027154701515783936	0.05176878281624639	0.0	0.0	
65.2 	0.0	0.0	0.0	0.0	0.05834912191556389	0.002096470236960916	0.0	0.0	
65.4 	0.0	0.0	0.0	0.0	0.030752936855436612	-0.04952240492175054	0.0	0.0	
65.60000000000001 	0.0	0.0	0.0	0.0	-0.027608167078255794	-0.05118670279490675	0.0	0.0	
65.8 	0.0	0.0	0.0	0.0	-0.05795024072349075	-0.0015128606983543591	0.0	0.0	
66.0 	0.0	0.0	0.0	0.0	-0.030028921591717175	0.04932040992239905	0.0	0.0	
66.2 	0.0	0.0	0.0	0.0	0.027709771007472194	0.05036980787172267	0.0	0.0	
66.4 	0.0	0.0	0.0	0.0	0.05719494378335844	0.001052791922814465	0.0	0.0	
66.60000000000001 	0.0	0.0	0.0	0.0	0.02925096106529361	-0.048773237981822926	0.0	0.0	
66.8 	0.0	0.0	0.0	0.0	-0.027497269918062197	-0.049327344479097715	0.0	0.0	
67.0 	0.0	0.0	0.0	0.0	-0.05600443047310862	-0.0007428944364504856	0.0	0.0	
67.2 	0.0	0.0	0.0	0.0	-0.028273809311253263	0.04775428780551125	0.0	0.0	
67.4 	0.0	0.0	0.0	0.0	0.02708374071111663	0.04781660733346665	0.0	0.0	
67.60000000000001 	0.0	0.0	0.0	0.0	0.05438287200367603	0.0002915321740691544	0.0	0.0	
67.8 	0.0	0.0	0.0	0.0	0.02699762610096755	-0.04650121051309384	0.0	0.0	
68.0 	0.0	0.0	0.0	0.0	-0.026587997144168426	-0.04596238059892669	0.0	0.0	
68.2 	0.0	0.0	0.0	0.0	-0.05237000501504446	0.00025575750062642515	0.0	0.0	
68.4 	0.0	0.0	0.0	0.0	-0.025353519861411097	0.044947759215540374	0.0	0.0	
68.60000000000001 	0.0	0.0	0.0	0.0	0.026121107975061935	0.043595474299444714	0.0	0.0	
68.8 	0.0	0.0	0.0	0.0	0.050010841937250236	-0.0011618841529902912	0.0	0.0	
69.0 	0.0	0.0	0.0	0.0	0.02326545373720026	-0.04335154467810759	0.0	0.0	
69.2 	0.0	0.0	0.0	0.0	-0.025826129438598737	-0.040861324015186655	0.0	0.0	
69.4 	0.0	0.0	0.0	0.0	-0.047388655184938074	0.0024110093339096902	0.0	0.0	
69.60000000000001 	0.0	0.0	0.0	0.0	-0.020662765098529424	0.04172585367548476	0.0	0.0	
69.8 	0.0	0.0	0.0	0.0	0.025899807373397733	0.037656516297809875	0.0	0.0	
70.0 	0.0	0.0	0.0	0.0	0.04468250515212659	-0.004293180232601057	0.0	0.0	
70.2 	0.0	0.0	0.0	0.0	0.01755356503947376	-0.04047038430348552	0.0	0.0	
70.4 	0.0	0.0	0.0	0.0	-0.02654075517471181	-0.0343109531841118	0.0	0.0	
70.60000000000001 	0.0	0.0	0.0	0.0	-0.042172276282474316	0.006696174776081073	0.0	0.0	
70.8 	0.0	0.0	0.0	0.0	-0.014095016377683369	0.03968526992498766	0.0	0.0	
71.0 	0.0	0.0	0.0	0.0	0.027844725206611732	0.030968381259160963	0.0	0.0	
71.2 	0.0	0.0	0.0	0.0	0.04015724079068486	-0.009647970295408448	0.0	0.0	
71.4 	0.0	0.0	0.0	0.0	0.010586927056838754	-0.03967251612831543	0.0	0.0	
71.60000000000001 	0.0	0.0	0.0	0.0	-0.029724466790584957	-0.028112713610019754	0.0	0.0	
71.8 	0.0	0.0	0.0	0.0	-0.038830241955821396	0.012708246185119886	0.0	0.0	
72.0 	0.0	0.0	0.0	0.0	-0.00737274587687202	0.040233903794678526	0.0	0.0	
72.2 	0.0	0.0	0.0	0.0	0.03192103202854839	0.0258176903616817	0.0	0.0	
72.4 	0.0	0.0	0.0	0.0	0.03819100502880256	-0.01568964906217931	0.0	0.0	
72.60000000000001 	0.0	0.0	0.0	0.0	0.004704137028524989	-0.04130063461668086	0.0	0.0	
72.8 	0.0	0.0	0.0	0.0	-0.03410759054461798	-0.024276600818518426	0.0	0.0	
73.0 	0.0	0.0	0.0	0.0	-0.03805594341269938	0.018175568765445484	0.0	0.0	
73.2 	0.0	0.0	0.0	0.0	-0.00265110747569093	0.04241700169064761	0.0	0.0	
73.4 	0.0	0.0	0.0	0.0	0.036024246662141046	0.02319118715641	0.0	0.0	
73.60000000000001 	0.0	0.0	0.0	0.0	0.03815672721070339	-0.020228647708932897	0.0	0.0	
73.8 	0.0	0.0	0.0	0.0	0.001106710681156781	-0.04349020251857174	0.0	0.0	
74.0 	0.0	0.0	0.0	0.0	-0.03756667814462408	-0.022483467338997514	0.0	0.0	
74.2 	0.0	0.0	0.0	0.0	-0.03826573265880858	0.021770522157676022	0.0	0.0	
74.4 	0.0	0.0	0.0	0.0	0.00012683083838160725	0.04425802574260863	0.0	0.0	
74.60000000000001 	0.0	0.0	0.0	0.0	0.03878819163305378	0.02179532507635922	0.0	0.0	
74.8 	0.0	0.0	0.0	0.0	0.03827980157089939	-0.023122320174210856	0.0	0.0	
75.0 	0.0	0.0	0.0	0.0	-0.0012273971777846632	-0.04491317813873459	0.0	0.0	
75.2 	0.0	0.0	0.0	0.0	-0.03982915630250617	-0.021187689495525165	0.0	0.0	
75.4 	0.0	0.0	0.0	0.0	-0.038228331574537415	0.02428337450872317	0.0	0.0	
75.60000000000001 	0.0	0.0	0.0	0.0	0.002277298060946983	0.04542170965391768	0.0	0.0	
75.8 	0.0	0.0	0.0	0.0	0.040823979457984036	0.020531976089992295	0.0	0.0	
76.0 	0.0	0.0	0.0	0.0	0.03821918697600531	-0.025479534261559786	0.0	0.0	
76.2 	0.0	0.0	0.0	0.0	-0.0032501290752411627	-0.0460584349246238	0.0	0.0	
76.4 	0.0	0.0	0.0	0.0	-0.041834833436246235	-0.020083331972198654	0.0	0.0	
76.60000000000001 	0.0	0.0	0.0	0.0	-0.038363568578087016	0.02652855114992132	0.0	0.0	
76.80000000000001 	0.0	0.0	0.0	0.0	0.00404953288987361	0.04672609638690395	0.0	0.0	
77.0 	0.0	0.0	0.0	0.0	0.042834985586890494	0.019794669848530646	0.0	0.0	
77.2 	0.0	0.0	0.0	0.0	0.03871987755018778	-0.02749128496676728	0.0	0.0	
77.4 	0.0	0.0	0.0	0.0	-0.0045669034745951355	-0.04755697860627051	0.0	0.0	
77.60000000000001 	0.0	0.0	0.0	0.0	-0.04373335056238247	-0.01988531319385035	0.0	0.0	
77.80000000000001 	0.0	0.0	0.0	0.0	-0.03927430333434622	0.02810131417182325	0.0	0.0	
78.0 	0.0	0.0	0.0	0.0	0.004727615273671591	0.04831108028629676	0.0	0.0	
78.2 	0.0	0.0	0.0	0.0	0.0444160119838839	0.020200756341289997	0.0	0.0	
78.4 	0.0	0.0	0.0	0.0	0.039952868972251775	-0.02842605253492567	0.0	0.0	
78.60000000000001 	0.0	0.0	0.0	0.0	-0.004511751965678077	-0.04902982787851365	0.0	0.0	
78.80000000000001 	0.0	0.0	0.0	0.0	-0.044781984583283245	-0.02083907803817223	0.0	0.0	
79.0 	0.0	0.0	0.0	0.0	-0.04064732054939724	0.02826743709185301	0.0	0.0	
79.2 	0.0	0.0	0.0	0.0	0.003953139065646335	0.049446179516557116	0.0	0.0	
79.4 	0.0	0.0	0.0	0.0	0.044763707569976094	0.021549132786680275	0.0	0.0	
79.60000000000001 	0.0	0.0	0.0	0.0	0.04123981285285472	-0.02778587879507674	0.0	0.0	
79.80000000000001 	0.0	0.0	0.0	0.0	-0.0031279544796300957	-0.04962432005136357	0.0	0.0	
80.0 	0.0	0.0	0.0	0.0	-0.04433443462494834	-0.02236960947900504	0.0	0.0	
80.2 	0.0	0.0	0.0	0.0	-0.041620194250861296	0.026875200132524635	0.0	0.0	
80.4 	0.0	0.0	0.0	0.0	0.0021424743670816595	0.04934949665357156	0.0	0.0	
80.60000000000001 	0.0	0.0	0.0	0.0	0.043509973636524917	0.023022981301410114	0.0	0.0	
80.80000000000001 	0.0	0.0	0.0	0.0	0.04169835746705304	-0.02577740842649845	0.0	0.0	
81.0 	0.0	0.0	0.0	0.0	-0.0011220695700256335	-0.04875588842890007	0.0	0.0	
81.2 	0.0	0.0	0.0	0.0	-0.04234912771598126	-0.023549264556470037	0.0	0.0	
81.4 	0.0	0.0	0.0	0.0	-0.04141584297484462	0.024455339731181067	0.0	0.0	
81.60000000000001 	0.0	0.0	0.0	0.0	0.0001988337969257968	0.04771239581020788	0.0	0.0	
81.80000000000001 	0.0	0.0	0.0	0.0	0.04095226319813683	0.023700123523800853	0.0	0.0	
82.0 	0.0	0.0	0.0	0.0	0.040758219730186396	-0.023203011628577706	0.0	0.0	
82.2 	0.0	0.0	0.0	0.0	0.0005055439892277248	-0.04644763741998688	0.0	0.0	
82.4 	0.0	0.0	0.0	0.0	-0.03945363613128509	-0.023577158173943707	0.0	0.0	
82.60000000000001 	0.0	0.0	0.0	0.0	-0.03976463590856394	0.022006815955185607	0.0	0.0	
82.80000000000001 	0.0	0.0	0.0	0.0	-0.00090082700890116	0.04492520160105303	0.0	0.0	
83.0 	0.0	0.0	0.0	0.0	0.03800458415216259	0.02302578407417967	0.0	0.0	
83.2 	0.0	0.0	0.0	0.0	0.0385291161953419	-0.021143020012481854	0.0	0.0	
83.4 	0.0	0.0	0.0	0.0	0.0009483912183176568	-0.04345030857317445	0.0	0.0	
83.60000000000001 	0.0	0.0	0.0	0.0	-0.03674844751255869	-0.022263150353781607	0.0	0.0	
83.80000000000001 	0.0	0.0	0.0	0.0	-0.03718933506132087	0.020532031549588114	0.0	0.0	
84.0 	0.0	0.0	0.0	0.0	-0.0006732173580320199	0.04202354486073795	0.0	0.0	
84.2 	0.0	0.0	0.0	0.0	0.035793116220435524	0.02124998177504046	0.0	0.0	
84.4 	0.0	0.0	0.0	0.0	0.035903519755620825	-0.02034260037529646	0.0	0.0	
84.60000000000001 	0.0	0.0	0.0	0.0	0.00016253334790861533	-0.04093303090259248	0.0	0.0	
84.80000000000001 	0.0	0.0	0.0	0.0	-0.03518888354196869	-0.020292078962021624	0.0	0.0	
85.0 	0.0	0.0	0.0	0.0	-0.034820459487064616	0.020365902808089576	0.0	0.0	
85.2 	0.0	0.0	0.0	0.0	0.00045019039485795677	0.040106711276334805	0.0	0.0	
85.4 	0.0	0.0	0.0	0.0	0.03491858307868111	0.019389538288779866	0.0	0.0	
85.60000000000001 	0.0	0.0	0.0	0.0	0.03405079864854104	-0.020648218844968487	0.0	0.0	
85.80000000000001 	0.0	0.0	0.0	0.0	-0.0010118781322029902	-0.03971894441638749	0.0	0.0	
86.0 	0.0	0.0	0.0	0.0	-0.03490272104117048	-0.018828413740039393	0.0	0.0	
86.2 	0.0	0.0	0.0	0.0	-0.033647022791900634	0.02089210964148425	0.0	0.0	
86.4 	0.0	0.0	0.0	0.0	0.0013802430931760404	0.03956778957400652	0.0	0.0	
86.60000000000001 	0.0	0.0	0.0	0.0	0.03501807145141313	0.018534984052688462	0.0	0.0	
86.80000000000001 	0.0	0.0	0.0	0.0	0.033597021011887954	-0.021107550780979686	0.0	0.0	
87.0 	0.0	0.0	0.0	0.0	-0.001449989724920727	-0.03971035079556014	0.0	0.0	
87.2 	0.0	0.0	0.0	0.0	-0.03512409165249494	-0.018686134783420155	0.0	0.0	
87.4 	0.0	0.0	0.0	0.0	-0.03383151843977446	0.021017229725401057	0.0	0.0	
87.60000000000001 	0.0	0.0	0.0	0.0	0.0011691692571662363	0.039863292979276384	0.0	0.0	
87.80000000000001 	0.0	0.0	0.0	0.0	0.03509038842927191	0.01908875027459804	0.0	0.0	
88.0 	0.0	0.0	0.0	0.0	0.03424233396263709	-0.02069868210634397	0.0	0.0	
88.2 	0.0	0.0	0.0	0.0	-0.000542957010690366	-0.04005124096893762	0.0	0.0	
88.4 	0.0	0.0	0.0	0.0	-0.03481876732201682	-0.019815208078282534	0.0	0.0	
88.60000000000001 	0.0	0.0	0.0	0.0	-0.03470578262916413	0.019970584996362905	0.0	0.0	
88.80000000000001 	0.0	0.0	0.0	0.0	-0.0003739879229743296	0.04000740490143397	0.0	0.0	
89.0 	0.0	0.0	0.0	0.0	0.03425612149557479	0.020600756980325062	0.0	0.0	
89.2 	0.0	0.0	0.0	0.0	0.03510561954879962	-0.019012954714592516	0.0	0.0	
89.4 	0.0	0.0	0.0	0.0	0.001493263609925302	-0.0398120901937074	0.0	0.0	
89.60000000000001 	0.0	0.0	0.0	0.0	-0.0333969102677579	-0.021487666877780774	0.0	0.0	
89.80000000000001 	0.0	0.0	0.0	0.0	-0.03535076884377191	0.01773338780165855	0.0	0.0	
90.0 	0.0	0.0	0.0	0.0	-0.0027117385496030987	0.03927674223752572	0.0	0.0	
90.2 	0.0	0.0	0.0	0.0	0.032276892835210395	0.022220933393889572	0.0	0.0	
90.4 	0.0	0.0	0.0	0.0	0.03538556352037348	-0.01637403497841414	0.0	0.0	
90.60000000000001 	0.0	0.0	0.0	0.0	0.003929667796143518	-0.038565038834367925	0.0	0.0	
90.80000000000001 	0.0	0.0	0.0	0.0	-0.03096097218771	-0.02288377657383332	0.0	0.0	
91.0 	0.0	0.0	0.0	0.0	-0.035192016166481106	0.014872020732440289	0.0	0.0	
91.2 	0.0	0.0	0.0	0.0	-0.005064595213547578	0.03756179055730149	0.0	0.0	
91.4 	0.0	0.0	0.0	0.0	0.02952884720612961	0.023280356297106442	0.0	0.0	
91.60000000000001 	0.0	0.0	0.0	0.0	0.034785692282866494	-0.013468238014615589	0.0	0.0	
91.80000000000001 	0.0	0.0	0.0	0.0	0.006059709165277706	-0.03648447958215479	0.0	0.0	
92.0 	0.0	0.0	0.0	0.0	-0.02806136197201313	-0.023558388774816492	0.0	0.0	
92.2 	0.0	0.0	0.0	0.0	-0.034207309416402806	0.01207420667137916	0.0	0.0	
92.4 	0.0	0.0	0.0	0.0	-0.006886455742432328	0.035247914775021	0.0	0.0	
92.60000000000001 	0.0	0.0	0.0	0.0	0.02662981857003358	0.023580838450466542	0.0	0.0	
92.80000000000001 	0.0	0.0	0.0	0.0	0.03351270106089426	-0.010890183287812839	0.0	0.0	
93.0 	0.0	0.0	0.0	0.0	0.007542630763058116	-0.03407692299992432	0.0	0.0	
93.2 	0.0	0.0	0.0	0.0	-0.025289043302948903	-0.023541639864005603	0.0	0.0	
93.4 	0.0	0.0	0.0	0.0	-0.03276304120951769	0.009780974165320828	0.0	0.0	
93.60000000000001 	0.0	0.0	0.0	0.0	-0.008047354745244534	0.032875113394422374	0.0	0.0	
93.80000000000001 	0.0	0.0	0.0	0.0	0.024074363008250187	0.023333995016748307	0.0	0.0	
94.0 	0.0	0.0	0.0	0.0	0.03201687657933184	-0.008901817615937363	0.0	0.0	
94.2 	0.0	0.0	0.0	0.0	0.008434717353421639	-0.03184369591907492	0.0	0.0	
94.4 	0.0	0.0	0.0	0.0	-0.02300165727980684	-0.02316640143815281	0.0	0.0	
94.60000000000001 	0.0	0.0	0.0	0.0	-0.03132445252826424	0.008079144474828798	0.0	0.0	
94.80000000000001 	0.0	0.0	0.0	0.0	-0.008747270977554672	0.030856059894455688	0.0	0.0	
95.0 	0.0	0.0	0.0	0.0	0.02206966423201737	0.02293309098834615	0.0	0.0	
95.2 	0.0	0.0	0.0	0.0	0.03072453089745098	-0.00743929352101917	0.0	0.0	
95.4 	0.0	0.0	0.0	0.0	0.00903043362878819	-0.030081856520432486	0.0	0.0	
95.60000000000001 	0.0	0.0	0.0	0.0	-0.021263382163462168	-0.022833696477891508	0.0	0.0	
95.80000000000001 	0.0	0.0	0.0	0.0	-0.030243183617035867	0.006789623816735325	0.0	0.0	
96.0 	0.0	0.0	0.0	0.0	-0.009328105050586058	0.029365022463199792	0.0	0.0	
96.2 	0.0	0.0	0.0	0.0	0.020557883335394232	0.022747130715925178	0.0	0.0	
96.4 	0.0	0.0	0.0	0.0	0.02989415567842129	-0.0062465013452373125	0.0	0.0	
96.60000000000001 	0.0	0.0	0.0	0.0	0.009679732540116013	-0.02885017343712889	0.0	0.0	
96.80000000000001 	0.0	0.0	0.0	0.0	-0.019921815130399416	-0.022854604876645472	0.0	0.0	
97.0 	0.0	0.0	0.0	0.0	-0.02968007559373228	0.005614540594943925	0.0	0.0	
97.2 	0.0	0.0	0.0	0.0	-0.01011852878555132	0.02836130856790042	0.0	0.0	
97.4 	0.0	0.0	0.0	0.0	0.01932040998551037	0.023015740134509414	0.0	0.0	
97.60000000000001 	0.0	0.0	0.0	0.0	0.029594161675426254	-0.005012840619969729	0.0	0.0	
97.80000000000001 	0.0	0.0	0.0	0.0	0.010670701774861307	-0.028028316709034006	0.0	0.0	
98.0 	0.0	0.0	0.0	0.0	-0.018717760951764063	-0.023393330280166106	0.0	0.0	
98.2 	0.0	0.0	0.0	0.0	-0.029621934724875478	0.004252290322597386	0.0	0.0	
98.4 	0.0	0.0	0.0	0.0	-0.01135525931000753	0.027664925512119916	0.0	0.0	
98.60000000000001 	0.0	0.0	0.0	0.0	0.018078533124066612	0.023830144804491613	0.0	0.0	
98.80000000000001 	0.0	0.0	0.0	0.0	0.0297428539058361	-0.003460545100212707	0.0	0.0	
99.0 	0.0	0.0	0.0	0.0	0.01218424842304258	-0.02739455298147208	0.0	0.0	
99.2 	0.0	0.0	0.0	0.0	-0.017369101279003374	-0.02447415953493098	0.0	0.0	
99.4 	0.0	0.0	0.0	0.0	-0.029931655528156194	0.002458171980858459	0.0	0.0	
99.60000000000001 	0.0	0.0	0.0	0.0	-0.013163103930716997	0.02702729518365669	0.0	0.0	
99.80000000000001 	0.0	0.0	0.0	0.0	0.016558378520006127	0.02515518150469627	0.0	0.0	
