0.0 	0.0	0.0	0.0	0.0	1.0	0.0	0.0	0.0	
0.2 	0.0	0.0	0.0	0.0	0.5571967204216953	-0.8262009468753457	0.0	0.0	
0.4 	0.0	0.0	0.0	0.0	-0.3703849985430997	-0.9140370943188398	0.0	0.0	
0.6000000000000001 	0.0	0.0	0.0	0.0	-0.949081382061913	-0.1980158946411433	0.0	0.0	
0.8 	0.0	0.0	0.0	0.0	-0.6752794368013024	0.6640491775958814	0.0	0.0	
1.0 	0.0	0.0	0.0	0.0	0.17573017507280952	0.9028512339327418	0.0	0.0	
1.2000000000000002 	0.0	0.0	0.0	0.0	0.8223761658157822	0.3367162004463848	0.0	0.0	
1.4000000000000001 	0.0	0.0	0.0	0.0	0.7025850404046362	-0.48659055962528486	0.0	0.0	
1.6 	0.0	0.0	0.0	0.0	-0.027859770921279524	-0.8182828001786012	0.0	0.0	
1.8 	0.0	0.0	0.0	0.0	-0.67360114765064	-0.39707910320053863	0.0	0.0	
2.0 	0.0	0.0	0.0	0.0	-0.661944155053225	0.3417367032194482	0.0	0.0	
2.2 	0.0	0.0	0.0	0.0	-0.056546121439887256	0.706248748985424	0.0	0.0	
2.4000000000000004 	0.0	0.0	0.0	0.0	0.5433508131130531	0.3973201295307198	0.0	0.0	
2.6 	0.0	0.0	0.0	0.0	0.5905155767632613	-0.2445931205689834	0.0	0.0	
2.8000000000000003 	0.0	0.0	0.0	0.0	0.09039273240108466	-0.6001216546664545	0.0	0.0	
3.0 	0.0	0.0	0.0	0.0	-0.4455320281610955	-0.3657828699752986	0.0	0.0	
3.2 	0.0	0.0	0.0	0.0	-0.5148228904002145	0.18760767292434183	0.0	0.0	
3.4000000000000004 	0.0	0.0	0.0	0.0	-0.09375698035940415	0.5129017831146815	0.0	0.0	
3.6 	0.0	0.0	0.0	0.0	0.37748560803192843	0.32299586980550765	0.0	0.0	
3.8000000000000003 	0.0	0.0	0.0	0.0	0.44711905038708255	-0.15764468344334442	0.0	0.0	
4.0 	0.0	0.0	0.0	0.0	0.08225584089967039	-0.4456087924677412	0.0	0.0	
4.2 	0.0	0.0	0.0	0.0	-0.33129551290729964	-0.2800560015167389	0.0	0.0	
4.4 	0.0	0.0	0.0	0.0	-0.39051384825857516	0.14334190347714879	0.0	0.0	
4.6000000000000005 	0.0	0.0	0.0	0.0	-0.06510869145583499	0.39424816554744785	0.0	0.0	
4.800000000000001 	0.0	0.0	0.0	0.0	0.2995421935403471	0.24106526432173095	0.0	0.0	
5.0 	0.0	0.0	0.0	0.0	0.34411070418177475	-0.1375874008160128	0.0	0.0	
5.2 	0.0	0.0	0.0	0.0	0.04689705106877376	-0.3546713983079141	0.0	0.0	
5.4 	0.0	0.0	0.0	0.0	-0.2768925974754793	-0.20723659893644128	0.0	0.0	
5.6000000000000005 	0.0	0.0	0.0	0.0	-0.305971547523914	0.13588293002590837	0.0	0.0	
5.800000000000001 	0.0	0.0	0.0	0.0	-0.029759415991504425	0.323099783160394	0.0	0.0	
6.0 	0.0	0.0	0.0	0.0	0.2596173510191645	0.17806229122227069	0.0	0.0	
6.2 	0.0	0.0	0.0	0.0	0.2738668822904989	-0.1359138323529335	0.0	0.0	
6.4 	0.0	0.0	0.0	0.0	0.01423625459088135	-0.29681738436294614	0.0	0.0	
6.6000000000000005 	0.0	0.0	0.0	0.0	-0.2454676975637215	-0.15256152242283588	0.0	0.0	
6.800000000000001 	0.0	0.0	0.0	0.0	-0.24588363989762452	0.13658743200323517	0.0	0.0	
7.0 	0.0	0.0	0.0	0.0	-1.757679489389267e-05	0.2739200284348513	0.0	0.0	
7.2 	0.0	0.0	0.0	0.0	0.23339765445357905	0.1295319524848061	0.0	0.0	
7.4 	0.0	0.0	0.0	0.0	0.22078924042171028	-0.13782769182640758	0.0	0.0	
7.6000000000000005 	0.0	0.0	0.0	0.0	-0.01334988822207229	-0.25357178688650767	0.0	0.0	
7.800000000000001 	0.0	0.0	0.0	0.0	-0.22296368014208648	-0.10827598311630529	0.0	0.0	
8.0 	0.0	0.0	0.0	0.0	-0.19777120669332915	0.13969455816731277	0.0	0.0	
8.200000000000001 	0.0	0.0	0.0	0.0	0.026503939449477768	0.2352944367074831	0.0	0.0	
8.4 	0.0	0.0	0.0	0.0	0.21446433849508773	0.08811926992392641	0.0	0.0	
8.6 	0.0	0.0	0.0	0.0	0.1768941839559545	-0.142881469215322	0.0	0.0	
8.8 	0.0	0.0	0.0	0.0	-0.03957633523783149	-0.21982993542909082	0.0	0.0	
9.0 	0.0	0.0	0.0	0.0	-0.2083788328853778	-0.0698129889429276	0.0	0.0	
9.200000000000001 	0.0	0.0	0.0	0.0	-0.1590867851122932	0.14693557941281937	0.0	0.0	
9.4 	0.0	0.0	0.0	0.0	0.05145122285063987	0.20743091441486072	0.0	0.0	
9.600000000000001 	0.0	0.0	0.0	0.0	0.204029196352807	0.0544001649719086	0.0	0.0	
9.8 	0.0	0.0	0.0	0.0	0.14468269184392052	-0.15052188269765135	0.0	0.0	
10.0 	0.0	0.0	0.0	0.0	-0.06077175509314682	-0.19733961268352007	0.0	0.0	
10.200000000000001 	0.0	0.0	0.0	0.0	-0.19973809842004975	-0.04235115216998117	0.0	0.0	
10.4 	0.0	0.0	0.0	0.0	-0.1327062447637484	0.15202945396486672	0.0	0.0	
10.600000000000001 	0.0	0.0	0.0	0.0	0.06715541187659937	0.18765566196615457	0.0	0.0	
10.8 	0.0	0.0	0.0	0.0	0.19394814649296935	0.03256753165135018	0.0	0.0	
11.0 	0.0	0.0	0.0	0.0	0.12136019206561588	-0.151132547433285	0.0	0.0	
11.200000000000001 	0.0	0.0	0.0	0.0	-0.07154112255291584	-0.17687722917471957	0.0	0.0	
11.4 	0.0	0.0	0.0	0.0	-0.18615749296470177	-0.02332340973962634	0.0	0.0	
11.600000000000001 	0.0	0.0	0.0	0.0	-0.10896093015743576	0.14871760732216202	0.0	0.0	
11.8 	0.0	0.0	0.0	0.0	0.07589277731169569	0.16448961716734725	0.0	0.0	
12.0 	0.0	0.0	0.0	0.0	0.17761165274776686	0.012908289434906095	0.0	0.0	
12.200000000000001 	0.0	0.0	0.0	0.0	0.09547018444084292	-0.14690510257984402	0.0	0.0	
12.4 	0.0	0.0	0.0	0.0	-0.08143781406515721	-0.15211862047486951	0.0	0.0	
12.600000000000001 	0.0	0.0	0.0	0.0	-0.17011103460116056	-0.0018731801602134399	0.0	0.0	
12.8 	0.0	0.0	0.0	0.0	-0.08248189217695388	0.14626572526449114	0.0	0.0	
13.0 	0.0	0.0	0.0	0.0	0.08737134594358267	0.1410406912464301	0.0	0.0	
13.200000000000001 	0.0	0.0	0.0	0.0	0.16382241310123818	-0.008427067765744286	0.0	0.0	
13.4 	0.0	0.0	0.0	0.0	0.07091646369551982	-0.14591988174046716	0.0	0.0	
13.600000000000001 	0.0	0.0	0.0	0.0	-0.09248313191087591	-0.13113061130507228	0.0	0.0	
13.8 	0.0	0.0	0.0	0.0	-0.1577345750150968	0.017418740853481187	0.0	0.0	
14.0 	0.0	0.0	0.0	0.0	-0.060280999194912074	0.14490676640628267	0.0	0.0	
14.200000000000001 	0.0	0.0	0.0	0.0	0.09669708413221692	0.12144066036260273	0.0	0.0	
14.4 	0.0	0.0	0.0	0.0	0.15139484471992218	-0.025729155782395353	0.0	0.0	
14.600000000000001 	0.0	0.0	0.0	0.0	0.05005456532260232	-0.14343458870439416	0.0	0.0	
14.8 	0.0	0.0	0.0	0.0	-0.10033892107564278	-0.1118740599599055	0.0	0.0	
15.0 	0.0	0.0	0.0	0.0	-0.14482863209757235	0.03352973603296984	0.0	0.0	
15.200000000000001 	0.0	0.0	0.0	0.0	-0.040031554772102615	0.14153824133989587	0.0	0.0	
15.4 	0.0	0.0	0.0	0.0	0.10367536906858976	0.10223510629451504	0.0	0.0	
15.600000000000001 	0.0	0.0	0.0	0.0	0.13820007379451826	-0.0412078890032215	0.0	0.0	
15.8 	0.0	0.0	0.0	0.0	0.030189734122400773	-0.1396806960193658	0.0	0.0	
16.0 	0.0	0.0	0.0	0.0	-0.10691087186530293	-0.09294456799711083	0.0	0.0	
16.2 	0.0	0.0	0.0	0.0	-0.13184428245044305	0.04846156627759989	0.0	0.0	
16.400000000000002 	0.0	0.0	0.0	0.0	-0.020937618615251657	0.13772047147635316	0.0	0.0	
16.6 	0.0	0.0	0.0	0.0	0.10962182083866774	0.08405745598032756	0.0	0.0	
16.8 	0.0	0.0	0.0	0.0	0.12541202704015056	-0.055004176357146585	0.0	0.0	
17.0 	0.0	0.0	0.0	0.0	0.012144014801515198	-0.13514762555292084	0.0	0.0	
17.2 	0.0	0.0	0.0	0.0	-0.11155606695712714	-0.0749579929419667	0.0	0.0	
17.400000000000002 	0.0	0.0	0.0	0.0	-0.11817992854706381	0.0613034122046707	0.0	0.0	
17.6 	0.0	0.0	0.0	0.0	-0.0027198753345513585	0.13195976385764796	0.0	0.0	
17.8 	0.0	0.0	0.0	0.0	0.11382577750986267	0.06494666885324492	0.0	0.0	
18.0 	0.0	0.0	0.0	0.0	0.11080292077806657	-0.06870911633009208	0.0	0.0	
18.2 	0.0	0.0	0.0	0.0	-0.007524917909240632	-0.1297648143012981	0.0	0.0	
18.400000000000002 	0.0	0.0	0.0	0.0	-0.11751208215933462	-0.0552754568515548	0.0	0.0	
18.6 	0.0	0.0	0.0	0.0	-0.10485017085638346	0.0768647480026309	0.0	0.0	
18.8 	0.0	0.0	0.0	0.0	0.017241889421696657	0.12924607630524765	0.0	0.0	
19.0 	0.0	0.0	0.0	0.0	0.12214347021816785	0.04727397551590884	0.0	0.0	
19.200000000000003 	0.0	0.0	0.0	0.0	0.1009447993618129	-0.08456401624498072	0.0	0.0	
19.400000000000002 	0.0	0.0	0.0	0.0	-0.025106295814387593	-0.13005046118199448	0.0	0.0	
19.6 	0.0	0.0	0.0	0.0	-0.1265125902066921	-0.04168933553949426	0.0	0.0	
19.8 	0.0	0.0	0.0	0.0	-0.09876996210335598	0.09038603924383123	0.0	0.0	
20.0 	0.0	0.0	0.0	0.0	0.03030937889033006	0.1309677725051166	0.0	0.0	
20.200000000000003 	0.0	0.0	0.0	0.0	0.12918659203694163	0.03833518854319781	0.0	0.0	
20.400000000000002 	0.0	0.0	0.0	0.0	0.09725291232099245	-0.09328816990750048	0.0	0.0	
20.6 	0.0	0.0	0.0	0.0	-0.032686257590143264	-0.13032988876525758	0.0	0.0	
20.8 	0.0	0.0	0.0	0.0	-0.12857282173738635	-0.036034387828706646	0.0	0.0	
21.0 	0.0	0.0	0.0	0.0	-0.09407378934743428	0.09297673840876194	0.0	0.0	
21.200000000000003 	0.0	0.0	0.0	0.0	0.03402578212445013	0.12615461543029846	0.0	0.0	
21.400000000000002 	0.0	0.0	0.0	0.0	0.12481679728151386	0.0318730042651023	0.0	0.0	
21.6 	0.0	0.0	0.0	0.0	0.08743711662685089	-0.09192348915282476	0.0	0.0	
21.8 	0.0	0.0	0.0	0.0	-0.03731725421794496	-0.11922331906785905	0.0	0.0	
22.0 	0.0	0.0	0.0	0.0	-0.12067200911100923	-0.02452407623731833	0.0	0.0	
22.200000000000003 	0.0	0.0	0.0	0.0	-0.07850794243094276	0.09289653095748393	0.0	0.0	
22.400000000000002 	0.0	0.0	0.0	0.0	0.04353428737981398	0.11233896105127229	0.0	0.0	
22.6 	0.0	0.0	0.0	0.0	0.11871729823717767	0.015428672178956842	0.0	0.0	
22.8 	0.0	0.0	0.0	0.0	0.07016424516567529	-0.0964785411606135	0.0	0.0	
23.0 	0.0	0.0	0.0	0.0	-0.05086799494046622	-0.10773216585656978	0.0	0.0	
23.200000000000003 	0.0	0.0	0.0	0.0	-0.11894142357345805	-0.007315365227702317	0.0	0.0	
23.400000000000002 	0.0	0.0	0.0	0.0	-0.06396708590563771	0.10071735836760197	0.0	0.0	
23.6 	0.0	0.0	0.0	0.0	0.057153445756461065	0.10496914461531534	0.0	0.0	
23.8 	0.0	0.0	0.0	0.0	0.11971255655673019	0.0011649572287759514	0.0	0.0	
24.0 	0.0	0.0	0.0	0.0	0.059527412355112774	-0.10400750103943888	0.0	0.0	
24.200000000000003 	0.0	0.0	0.0	0.0	-0.0615555845184716	-0.10280238607931866	0.0	0.0	
24.400000000000002 	0.0	0.0	0.0	0.0	-0.11960435365164729	0.003263209805881407	0.0	0.0	
24.6 	0.0	0.0	0.0	0.0	-0.05566070255483374	0.10554812669728299	0.0	0.0	
24.8 	0.0	0.0	0.0	0.0	0.06443956267612473	0.09989268294030114	0.0	0.0	
25.0 	0.0	0.0	0.0	0.0	0.11809600009352776	-0.0071468223831240105	0.0	0.0	
25.200000000000003 	0.0	0.0	0.0	0.0	0.05135797453145687	-0.10584779521343311	0.0	0.0	
25.400000000000002 	0.0	0.0	0.0	0.0	-0.06671776850495542	-0.09599298593332736	0.0	0.0	
25.6 	0.0	0.0	0.0	0.0	-0.11556032182578281	0.011177744437870491	0.0	0.0	
25.8 	0.0	0.0	0.0	0.0	-0.046353861812464835	0.10555874881619444	0.0	0.0	
26.0 	0.0	0.0	0.0	0.0	0.06905548690232104	0.09133361021301359	0.0	0.0	
26.200000000000003 	0.0	0.0	0.0	0.0	0.11266640318150979	-0.01565050446978154	0.0	0.0	
26.400000000000002 	0.0	0.0	0.0	0.0	0.040997129211109214	-0.10532014252245868	0.0	0.0	
26.6 	0.0	0.0	0.0	0.0	-0.07152277140255088	-0.08657751230735393	0.0	0.0	
26.8 	0.0	0.0	0.0	0.0	-0.10976468777192185	0.020149154053162994	0.0	0.0	
27.0 	0.0	0.0	0.0	0.0	-0.03565570581729857	0.10505091515286959	0.0	0.0	
27.200000000000003 	0.0	0.0	0.0	0.0	0.07396353328762008	0.0818657450530002	0.0	0.0	
27.400000000000002 	0.0	0.0	0.0	0.0	0.10698944922890181	-0.024537095319262854	0.0	0.0	
27.6 	0.0	0.0	0.0	0.0	0.030655813434861127	-0.10482702622386189	0.0	0.0	
27.8 	0.0	0.0	0.0	0.0	-0.07607142598107837	-0.077567597267626	0.0	0.0	
28.0 	0.0	0.0	0.0	0.0	-0.10426628483793561	0.028237792574727357	0.0	0.0	
28.200000000000003 	0.0	0.0	0.0	0.0	-0.026257956060464206	0.10407711348266091	0.0	0.0	
28.400000000000002 	0.0	0.0	0.0	0.0	0.07731666997109703	0.07335542665715288	0.0	0.0	
28.6 	0.0	0.0	0.0	0.0	0.10101340072690448	-0.031188951532930755	0.0	0.0	
28.8 	0.0	0.0	0.0	0.0	0.02210473184191989	-0.10238017155757256	0.0	0.0	
29.0 	0.0	0.0	0.0	0.0	-0.07763054443000005	-0.06866430675180121	0.0	0.0	
29.200000000000003 	0.0	0.0	0.0	0.0	-0.09672146867539844	0.03379019722991311	0.0	0.0	
29.400000000000002 	0.0	0.0	0.0	0.0	-0.01744452543346103	0.09971827033447099	0.0	0.0	
29.6 	0.0	0.0	0.0	0.0	0.07768573126059489	0.0629992262389091	0.0	0.0	
29.8 	0.0	0.0	0.0	0.0	0.0917067140333745	-0.036843934565476404	0.0	0.0	
30.0 	0.0	0.0	0.0	0.0	0.01215117229180984	-0.09689773956133949	0.0	0.0	
30.200000000000003 	0.0	0.0	0.0	0.0	-0.07791143879233266	-0.056908827188211525	0.0	0.0	
30.400000000000002 	0.0	0.0	0.0	0.0	-0.08644376134836343	0.040135396446738324	0.0	0.0	
30.6 	0.0	0.0	0.0	0.0	-0.006545470728573907	0.09391505718257988	0.0	0.0	
30.8 	0.0	0.0	0.0	0.0	0.07816095708301005	0.05040519813827388	0.0	0.0	
31.0 	0.0	0.0	0.0	0.0	0.08082637468127758	-0.04373537902170593	0.0	0.0	
31.200000000000003 	0.0	0.0	0.0	0.0	0.0004262300207723905	-0.0908443511822687	0.0	0.0	
31.400000000000002 	0.0	0.0	0.0	0.0	-0.07870925995257128	-0.043386737068745275	0.0	0.0	
31.6 	0.0	0.0	0.0	0.0	-0.07499527861746885	0.04801565124352254	0.0	0.0	
31.8 	0.0	0.0	0.0	0.0	0.006454979382942152	0.08819268792454739	0.0	0.0	
32.0 	0.0	0.0	0.0	0.0	0.08027729712910651	0.03615489103431024	0.0	0.0	
32.2 	0.0	0.0	0.0	0.0	0.06992398955856148	-0.053227052382124065	0.0	0.0	
32.4 	0.0	0.0	0.0	0.0	-0.013324001129329358	-0.08686581188264521	0.0	0.0	
32.6 	0.0	0.0	0.0	0.0	-0.08272391896776128	-0.030007643895809604	0.0	0.0	
32.800000000000004 	0.0	0.0	0.0	0.0	-0.06624687795869638	0.05819972388820979	0.0	0.0	
33.0 	0.0	0.0	0.0	0.0	0.019032458857174677	0.08631724902075825	0.0	0.0	
33.2 	0.0	0.0	0.0	0.0	0.08492341585882456	0.025208900542507802	0.0	0.0	
33.4 	0.0	0.0	0.0	0.0	0.06337810356544234	-0.06208585370518345	0.0	0.0	
33.6 	0.0	0.0	0.0	0.0	-0.023407049594630525	-0.08561946994142604	0.0	0.0	
33.800000000000004 	0.0	0.0	0.0	0.0	-0.08611795651688976	-0.0212467287760224	0.0	0.0	
34.0 	0.0	0.0	0.0	0.0	-0.06041210241881943	0.06475449457914613	0.0	0.0	
34.2 	0.0	0.0	0.0	0.0	0.027065107722094698	0.08412262743807633	0.0	0.0	
34.4 	0.0	0.0	0.0	0.0	0.08642955747665261	0.017305937840572817	0.0	0.0	
34.6 	0.0	0.0	0.0	0.0	0.05706340686952536	-0.06683306361833587	0.0	0.0	
34.800000000000004 	0.0	0.0	0.0	0.0	-0.0304271824037462	-0.08210301637819634	0.0	0.0	
35.0 	0.0	0.0	0.0	0.0	-0.08615044990789093	-0.013382879013800725	0.0	0.0	
35.2 	0.0	0.0	0.0	0.0	-0.05338894932994734	0.06840016989619899	0.0	0.0	
35.4 	0.0	0.0	0.0	0.0	0.03360130729020185	0.07953326435139582	0.0	0.0	
35.6 	0.0	0.0	0.0	0.0	0.08539941595240398	0.009293025362464	0.0	0.0	
35.800000000000004 	0.0	0.0	0.0	0.0	0.04940448156765937	-0.06972216146150256	0.0	0.0	
36.0 	0.0	0.0	0.0	0.0	-0.03668201776080541	-0.07664653523533124	0.0	0.0	
36.2 	0.0	0.0	0.0	0.0	-0.08430726118143173	-0.005173602828228935	0.0	0.0	
36.4 	0.0	0.0	0.0	0.0	-0.045199611922534626	0.0707395468328248	0.0	0.0	
36.6 	0.0	0.0	0.0	0.0	0.03964387012008619	0.07340481599290793	0.0	0.0	
36.800000000000004 	0.0	0.0	0.0	0.0	0.08288835513339746	0.00097672157323214	0.0	0.0	
37.0 	0.0	0.0	0.0	0.0	0.04081151332511378	-0.07149703923710521	0.0	0.0	
37.2 	0.0	0.0	0.0	0.0	-0.04239695232375513	-0.06983461798187499	0.0	0.0	
37.4 	0.0	0.0	0.0	0.0	-0.08094829215237315	0.0032467233526829956	0.0	0.0	
37.6 	0.0	0.0	0.0	0.0	-0.035944846246953904	0.07181238148558441	0.0	0.0	
37.800000000000004 	0.0	0.0	0.0	0.0	0.04522140524658512	0.06552654476350922	0.0	0.0	
38.0 	0.0	0.0	0.0	0.0	0.07855790396690386	-0.008107804385883365	0.0	0.0	
38.2 	0.0	0.0	0.0	0.0	0.03031830886106711	-0.07230400506240568	0.0	0.0	
38.400000000000006 	0.0	0.0	0.0	0.0	-0.048703572124900014	-0.060825170055775146	0.0	0.0	
38.6 	0.0	0.0	0.0	0.0	-0.07634080351804638	0.01372215215956545	0.0	0.0	
38.800000000000004 	0.0	0.0	0.0	0.0	-0.02423606167462552	0.07347962182070444	0.0	0.0	
39.0 	0.0	0.0	0.0	0.0	0.053076358960115935	0.05630074126567476	0.0	0.0	
39.2 	0.0	0.0	0.0	0.0	0.07497579193464302	-0.019867744552892853	0.0	0.0	
39.400000000000006 	0.0	0.0	0.0	0.0	0.018446264333853397	-0.0756938056291778	0.0	0.0	
39.6 	0.0	0.0	0.0	0.0	-0.05795983428491185	-0.05276391555748287	0.0	0.0	
39.800000000000004 	0.0	0.0	0.0	0.0	-0.07466435898152254	0.025687495007499617	0.0	0.0	
40.0 	0.0	0.0	0.0	0.0	-0.013571424604762768	0.07847968261885341	0.0	0.0	
40.2 	0.0	0.0	0.0	0.0	0.06274334677327442	0.050308930349088336	0.0	0.0	
40.400000000000006 	0.0	0.0	0.0	0.0	0.07521988573412479	-0.030739616021100265	0.0	0.0	
40.6 	0.0	0.0	0.0	0.0	0.009953685093643647	-0.08149954464871595	0.0	0.0	
40.800000000000004 	0.0	0.0	0.0	0.0	-0.0668362089469928	-0.049073881473797286	0.0	0.0	
41.0 	0.0	0.0	0.0	0.0	-0.07627419734495844	0.03438876872738291	0.0	0.0	
41.2 	0.0	0.0	0.0	0.0	-0.007771415346903707	0.08397869764750902	0.0	0.0	
41.400000000000006 	0.0	0.0	0.0	0.0	0.06958379626092674	0.04863931213170869	0.0	0.0	
41.6 	0.0	0.0	0.0	0.0	0.07713821921671297	-0.0364221337747059	0.0	0.0	
41.800000000000004 	0.0	0.0	0.0	0.0	0.006824270646283041	-0.08523361675959312	0.0	0.0	
42.0 	0.0	0.0	0.0	0.0	-0.07046127783165258	-0.04837673977367201	0.0	0.0	
42.2 	0.0	0.0	0.0	0.0	-0.07680666056746481	0.03685794688525996	0.0	0.0	
42.400000000000006 	0.0	0.0	0.0	0.0	-0.006229518540143651	0.08446719444890924	0.0	0.0	
42.6 	0.0	0.0	0.0	0.0	0.06964180256172066	0.0469877514121105	0.0	0.0	
42.800000000000004 	0.0	0.0	0.0	0.0	0.07455991058314894	-0.0368286085389684	0.0	0.0	
43.0 	0.0	0.0	0.0	0.0	0.004740818228065121	-0.08203192356530202	0.0	0.0	
43.2 	0.0	0.0	0.0	0.0	-0.06818503693422096	-0.04387594488903072	0.0	0.0	
43.400000000000006 	0.0	0.0	0.0	0.0	-0.07063996037075486	0.03748034214031638	0.0	0.0	
43.6 	0.0	0.0	0.0	0.0	-0.0016225214153958625	0.0788863494185854	0.0	0.0	
43.800000000000004 	0.0	0.0	0.0	0.0	0.06739132380964005	0.03917780247181999	0.0	0.0	
44.0 	0.0	0.0	0.0	0.0	0.06617435088391796	-0.03965231645719049	0.0	0.0	
44.2 	0.0	0.0	0.0	0.0	-0.002792212314983902	-0.07643693447328632	0.0	0.0	
44.400000000000006 	0.0	0.0	0.0	0.0	-0.06786985564256262	-0.03415405419789094	0.0	0.0	
44.6 	0.0	0.0	0.0	0.0	-0.062327914696429065	0.04282141338314645	0.0	0.0	
44.800000000000004 	0.0	0.0	0.0	0.0	0.007448332112416386	0.07504018324954645	0.0	0.0	
45.0 	0.0	0.0	0.0	0.0	0.06922162102960831	0.029690759682908408	0.0	0.0	
45.2 	0.0	0.0	0.0	0.0	0.05949286709999341	-0.046169610603641505	0.0	0.0	
45.400000000000006 	0.0	0.0	0.0	0.0	-0.01146364279194291	-0.074433112645879	0.0	0.0	
45.6 	0.0	0.0	0.0	0.0	-0.07058822408761337	-0.026207129870678282	0.0	0.0	
45.800000000000004 	0.0	0.0	0.0	0.0	-0.05725180619020457	0.04883942249476121	0.0	0.0	
46.0 	0.0	0.0	0.0	0.0	0.01469720672914582	0.07373914034791634	0.0	0.0	
46.2 	0.0	0.0	0.0	0.0	0.07145290304608282	0.023147654835729035	0.0	0.0	
46.400000000000006 	0.0	0.0	0.0	0.0	0.05503157811522825	-0.05096053164103739	0.0	0.0	
46.6 	0.0	0.0	0.0	0.0	-0.01751951027701161	-0.07278401192438741	0.0	0.0	
46.800000000000004 	0.0	0.0	0.0	0.0	-0.07189547063462662	-0.020254191627271958	0.0	0.0	
47.0 	0.0	0.0	0.0	0.0	-0.05268808421048116	0.05269843879084666	0.0	0.0	
47.2 	0.0	0.0	0.0	0.0	0.020172734973284093	0.07157490371729242	0.0	0.0	
47.400000000000006 	0.0	0.0	0.0	0.0	0.07216147792706398	0.017396629116515665	0.0	0.0	
47.6 	0.0	0.0	0.0	0.0	0.050433423160713024	-0.054280123643216965	0.0	0.0	
47.800000000000004 	0.0	0.0	0.0	0.0	-0.022491040975198585	-0.07042034273412766	0.0	0.0	
48.0 	0.0	0.0	0.0	0.0	-0.0721652695415774	-0.014963627969160806	0.0	0.0	
48.2 	0.0	0.0	0.0	0.0	-0.04832224967409868	0.055270888862992244	0.0	0.0	
48.400000000000006 	0.0	0.0	0.0	0.0	0.02424018050435217	0.06893592056958468	0.0	0.0	
48.6 	0.0	0.0	0.0	0.0	0.07153700763490575	0.012751140793370967	0.0	0.0	
48.800000000000004 	0.0	0.0	0.0	0.0	0.04599616257035722	-0.0556117085903199	0.0	0.0	
49.0 	0.0	0.0	0.0	0.0	-0.025574328186988283	-0.06684472760245881	0.0	0.0	
49.2 	0.0	0.0	0.0	0.0	-0.07010130501761436	-0.010451371372103436	0.0	0.0	
49.400000000000006 	0.0	0.0	0.0	0.0	-0.042991392572453255	0.05539486584698727	0.0	0.0	
49.6 	0.0	0.0	0.0	0.0	0.027028145903929546	0.06386030813980202	0.0	0.0	
49.800000000000004 	0.0	0.0	0.0	0.0	0.0681746475720059	0.007434703162139321	0.0	0.0	
50.0 	0.0	0.0	0.0	0.0	0.03921344008531763	-0.055353453531672384	0.0	0.0	
50.2 	0.0	0.0	0.0	0.0	-0.029075775906478148	-0.060499893472981944	0.0	0.0	
50.400000000000006 	0.0	0.0	0.0	0.0	-0.06635632060845895	-0.0037909354584237712	0.0	0.0	
50.6 	0.0	0.0	0.0	0.0	-0.035050240997142705	0.055794820148364885	0.0	0.0	
50.800000000000004 	0.0	0.0	0.0	0.0	0.03175917037418075	0.05720539374327712	0.0	0.0	
51.0 	0.0	0.0	0.0	0.0	0.06508528013545141	-0.0002443122944421237	0.0	0.0	
51.2 	0.0	0.0	0.0	0.0	0.031073277739190868	-0.056904083095796434	0.0	0.0	
51.400000000000006 	0.0	0.0	0.0	0.0	-0.03470820648038449	-0.05454420558176291	0.0	0.0	
51.6 	0.0	0.0	0.0	0.0	-0.06439427143658834	0.003982164926046009	0.0	0.0	
51.800000000000004 	0.0	0.0	0.0	0.0	-0.02767259297173285	0.05818897062154383	0.0	0.0	
52.0 	0.0	0.0	0.0	0.0	0.0374279960052542	0.05240355468374571	0.0	0.0	
52.2 	0.0	0.0	0.0	0.0	0.06398014273434058	-0.007208479494940334	0.0	0.0	
52.400000000000006 	0.0	0.0	0.0	0.0	0.02489878795925939	-0.059349070620447204	0.0	0.0	
52.6 	0.0	0.0	0.0	0.0	-0.039572315638480654	-0.05066940815497411	0.0	0.0	
52.800000000000004 	0.0	0.0	0.0	0.0	-0.06342787270922473	0.009709079787363078	0.0	0.0	
53.0 	0.0	0.0	0.0	0.0	-0.02251712911641105	0.05990348038278563	0.0	0.0	
53.2 	0.0	0.0	0.0	0.0	0.04107131901423301	0.048806529414576715	0.0	0.0	
53.400000000000006 	0.0	0.0	0.0	0.0	0.06242562958923012	-0.011845777514646152	0.0	0.0	
53.6 	0.0	0.0	0.0	0.0	0.020172245232032808	-0.05993046860745344	0.0	0.0	
53.800000000000004 	0.0	0.0	0.0	0.0	-0.04211459218720584	-0.0466716249530043	0.0	0.0	
54.0 	0.0	0.0	0.0	0.0	-0.060898362105205744	0.01379793172088446	0.0	0.0	
54.2 	0.0	0.0	0.0	0.0	-0.017584859270538978	0.05945221344065795	0.0	0.0	
54.400000000000006 	0.0	0.0	0.0	0.0	0.043012284856665174	0.04404047876229207	0.0	0.0	
54.6 	0.0	0.0	0.0	0.0	0.0590090133747863	-0.01597757366621455	0.0	0.0	
54.800000000000004 	0.0	0.0	0.0	0.0	0.01469111584719575	-0.0589073788681693	0.0	0.0	
55.0 	0.0	0.0	0.0	0.0	-0.04399820735610703	-0.04121643898672484	0.0	0.0	
55.2 	0.0	0.0	0.0	0.0	-0.05701359091667703	0.018285221675376107	0.0	0.0	
55.400000000000006 	0.0	0.0	0.0	0.0	-0.011626127262230038	0.05834520734539238	0.0	0.0	
55.6 	0.0	0.0	0.0	0.0	0.045113334138358774	0.0382656482307548	0.0	0.0	
55.800000000000004 	0.0	0.0	0.0	0.0	0.055076080015477695	-0.02075815705472603	0.0	0.0	
56.0 	0.0	0.0	0.0	0.0	0.008564407969812332	-0.05794571049756638	0.0	0.0	
56.2 	0.0	0.0	0.0	0.0	-0.0462659216858564	-0.03546071581576418	0.0	0.0	
56.400000000000006 	0.0	0.0	0.0	0.0	-0.053208803195658814	0.023120645274401552	0.0	0.0	
56.6 	0.0	0.0	0.0	0.0	-0.0055763883468416715	0.0574925645584121	0.0	0.0	
56.800000000000004 	0.0	0.0	0.0	0.0	0.047390712722755156	0.032646638046075635	0.0	0.0	
57.0 	0.0	0.0	0.0	0.0	0.05138086088124202	-0.025506937005352635	0.0	0.0	
57.2 	0.0	0.0	0.0	0.0	0.0026474533788336013	-0.057134285273023125	0.0	0.0	
57.400000000000006 	0.0	0.0	0.0	0.0	-0.04852044899729379	-0.029980855595008616	0.0	0.0	
57.6 	0.0	0.0	0.0	0.0	-0.04964923998253532	0.027788791009124243	0.0	0.0	
57.800000000000004 	0.0	0.0	0.0	0.0	0.0001809381182458844	0.05680010314081456	0.0	0.0	
58.0 	0.0	0.0	0.0	0.0	0.04968729829080491	0.02742800802276727	0.0	0.0	
58.2 	0.0	0.0	0.0	0.0	0.04814273514126487	-0.03003947472362543	0.0	0.0	
58.400000000000006 	0.0	0.0	0.0	0.0	-0.0027319975213667257	-0.05667937044858975	0.0	0.0	
58.6 	0.0	0.0	0.0	0.0	-0.05077224698229319	-0.025312712604449786	0.0	0.0	
58.800000000000004 	0.0	0.0	0.0	0.0	-0.04689876306488288	0.03187251981992797	0.0	0.0	
59.0 	0.0	0.0	0.0	0.0	0.004795047057692726	0.05646121419758886	0.0	0.0	
59.2 	0.0	0.0	0.0	0.0	0.05148833977917456	0.02351932210961479	0.0	0.0	
59.400000000000006 	0.0	0.0	0.0	0.0	0.04572299822875478	-0.03319310916165272	0.0	0.0	
59.6 	0.0	0.0	0.0	0.0	-0.00633105710571873	-0.05596084485235433	0.0	0.0	
59.800000000000004 	0.0	0.0	0.0	0.0	-0.05155020030891122	-0.021973665559920766	0.0	0.0	
60.0 	0.0	0.0	0.0	0.0	-0.04422901951258376	0.03380387188319003	0.0	0.0	
60.2 	0.0	0.0	0.0	0.0	0.007595020469173879	0.054701129932568	0.0	0.0	
60.400000000000006 	0.0	0.0	0.0	0.0	0.05090279893235558	0.020091400045849687	0.0	0.0	
60.6 	0.0	0.0	0.0	0.0	0.04205278467082548	-0.03413251115112811	0.0	0.0	
60.800000000000004 	0.0	0.0	0.0	0.0	-0.009057235715636332	-0.05276141584228252	0.0	0.0	
61.0 	0.0	0.0	0.0	0.0	-0.049829369953206734	-0.01761975774784772	0.0	0.0	
61.2 	0.0	0.0	0.0	0.0	-0.03909221476624119	0.034528341967375614	0.0	0.0	
61.400000000000006 	0.0	0.0	0.0	0.0	0.011166849804455417	0.05026859348997103	0.0	0.0	
61.6 	0.0	0.0	0.0	0.0	0.04885639540887315	0.014266659107836562	0.0	0.0	
61.800000000000004 	0.0	0.0	0.0	0.0	0.03561240579906292	-0.035635639842187684	0.0	0.0	
62.0 	0.0	0.0	0.0	0.0	-0.014105882801331567	-0.04791584696804731	0.0	0.0	
62.2 	0.0	0.0	0.0	0.0	-0.048512451747763814	-0.010423468836510156	0.0	0.0	
62.400000000000006 	0.0	0.0	0.0	0.0	-0.03215459536148082	0.037530760718178145	0.0	0.0	
62.6 	0.0	0.0	0.0	0.0	0.01767418879455782	0.04610975501506032	0.0	0.0	
62.800000000000004 	0.0	0.0	0.0	0.0	0.04907664363032642	0.006467718461890901	0.0	0.0	
63.0 	0.0	0.0	0.0	0.0	0.029302134121229638	-0.040212611515041255	0.0	0.0	
63.2 	0.0	0.0	0.0	0.0	-0.02136172531734244	-0.04533008485022631	0.0	0.0	
63.400000000000006 	0.0	0.0	0.0	0.0	-0.05044436055514098	-0.003149609051447234	0.0	0.0	
63.6 	0.0	0.0	0.0	0.0	-0.02742295688153727	0.04304813405891785	0.0	0.0	
63.800000000000004 	0.0	0.0	0.0	0.0	0.024569427685428483	0.04537011148928522	0.0	0.0	
64.0 	0.0	0.0	0.0	0.0	0.052174350027602484	0.0007175424519202416	0.0	0.0	
64.2 	0.0	0.0	0.0	0.0	0.026513963780192433	-0.04559998412096124	0.0	0.0	
64.4 	0.0	0.0	0.0	0.0	-0.026870409315829343	-0.04598550583341802	0.0	0.0	
64.60000000000001 	0.0	0.0	0.0	0.0	-0.053693346137914495	0.0006322549044547475	0.0	0.0	
64.8 	0.0	0.0	0.0	0.0	-0.026222958624212065	0.047273180357528324	0.0	0.0	
65.0 	0.0	0.0	0.0	0.0	0.028183078357709935	0.04647570367028399	0.0	0.0	
65.2 	0.0	0.0	0.0	0.0	0.054556596740739885	-0.0013593893005314198	0.0	0.0	
65.4 	0.0	0.0	0.0	0.0	0.026036872538721334	-0.04810876427115278	0.0	0.0	
65.60000000000001 	0.0	0.0	0.0	0.0	-0.028768348268211417	-0.04655678818860205	0.0	0.0	
65.8 	0.0	0.0	0.0	0.0	-0.05462915823863922	0.0017838357041289946	0.0	0.0	
66.0 	0.0	0.0	0.0	0.0	-0.025534930446126217	0.04817226787259051	0.0	0.0	
66.2 	0.0	0.0	0.0	0.0	0.02905700898599728	0.04592753598356178	0.0	0.0	
66.4 	0.0	0.0	0.0	0.0	0.0540939316388623	-0.0024541801518061304	0.0	0.0	
66.60000000000001 	0.0	0.0	0.0	0.0	0.02456749206212381	-0.04800341054100735	0.0	0.0	
66.8 	0.0	0.0	0.0	0.0	-0.029409860027386128	-0.04489475947930481	0.0	0.0	
67.0 	0.0	0.0	0.0	0.0	-0.053291891025240075	0.0033584180890352867	0.0	0.0	
67.2 	0.0	0.0	0.0	0.0	-0.023265274771266845	0.0477691276276088	0.0	0.0	
67.4 	0.0	0.0	0.0	0.0	0.02995163208646665	0.04360309937941014	0.0	0.0	
67.60000000000001 	0.0	0.0	0.0	0.0	0.05250017856709582	-0.004532987080245846	0.0	0.0	
67.8 	0.0	0.0	0.0	0.0	0.02188931402890344	-0.04772243825037254	0.0	0.0	
68.0 	0.0	0.0	0.0	0.0	-0.03056831829195073	-0.042438628209765364	0.0	0.0	
68.2 	0.0	0.0	0.0	0.0	-0.05178529701444453	0.00559353247952786	0.0	0.0	
68.4 	0.0	0.0	0.0	0.0	-0.02062807524659249	0.04758932144800435	0.0	0.0	
68.60000000000001 	0.0	0.0	0.0	0.0	0.031051714071372482	0.041276890977844344	0.0	0.0	
68.8 	0.0	0.0	0.0	0.0	0.05101263734363529	-0.006544821927824157	0.0	0.0	
69.0 	0.0	0.0	0.0	0.0	0.019472720354346364	-0.04732803943364359	0.0	0.0	
69.2 	0.0	0.0	0.0	0.0	-0.03128466451310474	-0.04011563359458947	0.0	0.0	
69.4 	0.0	0.0	0.0	0.0	-0.04998878958048096	0.007278628046593256	0.0	0.0	
69.60000000000001 	0.0	0.0	0.0	0.0	-0.018240317923457094	0.04669061497494883	0.0	0.0	
69.8 	0.0	0.0	0.0	0.0	0.03134586444707598	0.03860059360881127	0.0	0.0	
70.0 	0.0	0.0	0.0	0.0	0.048633350142311446	-0.008160604897922065	0.0	0.0	
70.2 	0.0	0.0	0.0	0.0	0.016716548682095753	-0.04593596827169347	0.0	0.0	
70.4 	0.0	0.0	0.0	0.0	-0.031474500305806466	-0.0368089358109835	0.0	0.0	
70.60000000000001 	0.0	0.0	0.0	0.0	-0.04706866429427337	0.009270485131458929	0.0	0.0	
70.8 	0.0	0.0	0.0	0.0	-0.014818471698409967	0.04517346906611877	0.0	0.0	
71.0 	0.0	0.0	0.0	0.0	0.0319271379868249	0.03471727100125949	0.0	0.0	
71.2 	0.0	0.0	0.0	0.0	0.04557752646564619	-0.010859050861262163	0.0	0.0	
71.4 	0.0	0.0	0.0	0.0	0.012676477419566188	-0.04483711423191631	0.0	0.0	
71.60000000000001 	0.0	0.0	0.0	0.0	-0.03281964731428656	-0.032775342007535256	0.0	0.0	
71.8 	0.0	0.0	0.0	0.0	-0.044461351131211205	0.01265036984621235	0.0	0.0	
72.0 	0.0	0.0	0.0	0.0	-0.010591617569845363	0.044911740539609404	0.0	0.0	
72.2 	0.0	0.0	0.0	0.0	0.03404632007044208	0.031149128817468192	0.0	0.0	
72.4 	0.0	0.0	0.0	0.0	0.04388485627705577	-0.014499022188874932	0.0	0.0	
72.60000000000001 	0.0	0.0	0.0	0.0	0.008899471059716809	-0.04546771289626358	0.0	0.0	
72.8 	0.0	0.0	0.0	0.0	-0.035315111032349474	-0.030184149498962705	0.0	0.0	
73.0 	0.0	0.0	0.0	0.0	-0.04379038702748008	0.015903963983551855	0.0	0.0	
73.2 	0.0	0.0	0.0	0.0	-0.007817490305502647	0.04607237356751977	0.0	0.0	
73.4 	0.0	0.0	0.0	0.0	0.0362727827690764	0.029698554921369434	0.0	0.0	
73.60000000000001 	0.0	0.0	0.0	0.0	0.04391926066053163	-0.016776553595166718	0.0	0.0	
73.8 	0.0	0.0	0.0	0.0	0.0073517879766850135	-0.046525014676795595	0.0	0.0	
74.0 	0.0	0.0	0.0	0.0	-0.036651920057305	-0.029613239698784544	0.0	0.0	
74.2 	0.0	0.0	0.0	0.0	-0.04391950064152934	0.0169199724340302	0.0	0.0	
74.4 	0.0	0.0	0.0	0.0	-0.007299444984612871	0.04638160470026221	0.0	0.0	
74.60000000000001 	0.0	0.0	0.0	0.0	0.03637195631889143	0.029430838808410433	0.0	0.0	
74.8 	0.0	0.0	0.0	0.0	0.04348284107375513	-0.016655335067695686	0.0	0.0	
75.0 	0.0	0.0	0.0	0.0	0.007333582276271981	-0.04567674640489538	0.0	0.0	
75.2 	0.0	0.0	0.0	0.0	-0.03555766330132588	-0.028983655573411055	0.0	0.0	
75.4 	0.0	0.0	0.0	0.0	-0.042450238159044765	0.01613142363454286	0.0	0.0	
75.60000000000001 	0.0	0.0	0.0	0.0	-0.007124348031072001	0.04433415461335807	0.0	0.0	
75.8 	0.0	0.0	0.0	0.0	0.03448087349912625	0.027921252494226122	0.0	0.0	
76.0 	0.0	0.0	0.0	0.0	0.04085026220427642	-0.015832140797573818	0.0	0.0	
76.2 	0.0	0.0	0.0	0.0	0.006443751201039023	-0.04274077019763618	0.0	0.0	
76.4 	0.0	0.0	0.0	0.0	-0.03346076184835948	-0.02637575869686407	0.0	0.0	
76.60000000000001 	0.0	0.0	0.0	0.0	-0.038868534418191894	0.01585605423278481	0.0	0.0	
76.80000000000001 	0.0	0.0	0.0	0.0	-0.005219346497963671	0.04104080923260573	0.0	0.0	
77.0 	0.0	0.0	0.0	0.0	0.0327667379814764	0.02432604936494298	0.0	0.0	
77.2 	0.0	0.0	0.0	0.0	0.036773616494614754	-0.016476136383464377	0.0	0.0	
77.4 	0.0	0.0	0.0	0.0	0.0035297230080550707	-0.03966377932208105	0.0	0.0	
77.60000000000001 	0.0	0.0	0.0	0.0	-0.03255594687209143	-0.022155945838030044	0.0	0.0	
77.80000000000001 	0.0	0.0	0.0	0.0	-0.034833989570452986	0.017514140264301814	0.0	0.0	
78.0 	0.0	0.0	0.0	0.0	-0.001557195944432706	0.03864166581058312	0.0	0.0	
78.2 	0.0	0.0	0.0	0.0	0.032857020361108324	0.019961348761251604	0.0	0.0	
78.4 	0.0	0.0	0.0	0.0	0.03325498409378684	-0.018993930630424496	0.0	0.0	
78.60000000000001 	0.0	0.0	0.0	0.0	-0.00047579368809207303	-0.038203999667625416	0.0	0.0	
78.80000000000001 	0.0	0.0	0.0	0.0	-0.03359199338621524	-0.018108931949279275	0.0	0.0	
79.0 	0.0	0.0	0.0	0.0	-0.03214881081443077	0.0205751403404807	0.0	0.0	
79.2 	0.0	0.0	0.0	0.0	0.0023629721057758825	0.03816946406380691	0.0	0.0	
79.4 	0.0	0.0	0.0	0.0	0.03461844275169513	0.016583148493778378	0.0	0.0	
79.60000000000001 	0.0	0.0	0.0	0.0	0.03153608385616868	-0.022223076142213652	0.0	0.0	
79.80000000000001 	0.0	0.0	0.0	0.0	-0.003949345448424595	-0.03859684646162058	0.0	0.0	
80.0 	0.0	0.0	0.0	0.0	-0.03577294780627426	-0.01559950824072461	0.0	0.0	
80.2 	0.0	0.0	0.0	0.0	-0.03136717854349357	0.02362391019954806	0.0	0.0	
80.4 	0.0	0.0	0.0	0.0	0.0051434326857642725	0.03920124446734124	0.0	0.0	
80.60000000000001 	0.0	0.0	0.0	0.0	0.03690390269189365	0.014997260406647858	0.0	0.0	
80.80000000000001 	0.0	0.0	0.0	0.0	0.031550265220567364	-0.02482056082196129	0.0	0.0	
81.0 	0.0	0.0	0.0	0.0	-0.005912458230205771	-0.04000315088952032	0.0	0.0	
81.2 	0.0	0.0	0.0	0.0	-0.037889540613737005	-0.014879456177528958	0.0	0.0	
81.4 	0.0	0.0	0.0	0.0	-0.031975875326706045	0.025594153766130782	0.0	0.0	
81.60000000000001 	0.0	0.0	0.0	0.0	0.006269582148325643	0.04072678451727928	0.0	0.0	
81.80000000000001 	0.0	0.0	0.0	0.0	0.038643954632760054	0.015012226753067065	0.0	0.0	
82.0 	0.0	0.0	0.0	0.0	0.03253406199158158	-0.026077793779472887	0.0	0.0	
82.2 	0.0	0.0	0.0	0.0	-0.006260041339216633	-0.04142909306026615	0.0	0.0	
82.4 	0.0	0.0	0.0	0.0	-0.03911605614697057	-0.015459644092584386	0.0	0.0	
82.60000000000001 	0.0	0.0	0.0	0.0	-0.033124437089613046	0.026127931855817427	0.0	0.0	
82.80000000000001 	0.0	0.0	0.0	0.0	0.0059499236150652715	0.041882540222286185	0.0	0.0	
83.0 	0.0	0.0	0.0	0.0	0.039286288193664524	0.01597328742590403	0.0	0.0	
83.2 	0.0	0.0	0.0	0.0	0.03366211330347508	-0.02593735585290684	0.0	0.0	
83.4 	0.0	0.0	0.0	0.0	-0.0054174686247087005	-0.04219651088702972	0.0	0.0	
83.60000000000001 	0.0	0.0	0.0	0.0	-0.03916307803089929	-0.01662008557499755	0.0	0.0	
83.80000000000001 	0.0	0.0	0.0	0.0	-0.034081865143746955	0.025408167092471408	0.0	0.0	
84.0 	0.0	0.0	0.0	0.0	0.004745656953514129	0.04219694644541495	0.0	0.0	
84.2 	0.0	0.0	0.0	0.0	0.038779262284639085	0.017168092976718837	0.0	0.0	
84.4 	0.0	0.0	0.0	0.0	0.034341774425099524	-0.024765938177486412	0.0	0.0	
84.60000000000001 	0.0	0.0	0.0	0.0	-0.0040144988063608306	-0.04204654923034558	0.0	0.0	
84.80000000000001 	0.0	0.0	0.0	0.0	-0.03818712715422135	-0.017713538129753435	0.0	0.0	
85.0 	0.0	0.0	0.0	0.0	-0.034425552173353406	0.023931015811302424	0.0	0.0	
85.2 	0.0	0.0	0.0	0.0	0.0032931152885211567	0.04162118094094052	0.0	0.0	
85.4 	0.0	0.0	0.0	0.0	0.037451439406964944	0.01806487211358651	0.0	0.0	
85.60000000000001 	0.0	0.0	0.0	0.0	0.034342487934000326	-0.023130685670882518	0.0	0.0	
85.80000000000001 	0.0	0.0	0.0	0.0	-0.0026324642507588006	-0.041125421108517635	0.0	0.0	
86.0 	0.0	0.0	0.0	0.0	-0.036640435003599904	-0.01836636633409422	0.0	0.0	
86.2 	0.0	0.0	0.0	0.0	-0.03412383013860719	0.022269240961691784	0.0	0.0	
86.4 	0.0	0.0	0.0	0.0	0.0020606123886930602	0.040463062996357164	0.0	0.0	
86.60000000000001 	0.0	0.0	0.0	0.0	0.03581634644979189	0.018475511787104562	0.0	0.0	
86.80000000000001 	0.0	0.0	0.0	0.0	0.03381591330739048	-0.021542594467127578	0.0	0.0	
87.0 	0.0	0.0	0.0	0.0	-0.0015816648977866464	-0.0398488844305268	0.0	0.0	
87.2 	0.0	0.0	0.0	0.0	-0.03502717782002424	-0.018579302435602667	0.0	0.0	
87.4 	0.0	0.0	0.0	0.0	-0.03347102758899806	0.020813605106570095	0.0	0.0	
87.60000000000001 	0.0	0.0	0.0	0.0	0.0011789516249701962	0.03917809475769272	0.0	0.0	
87.80000000000001 	0.0	0.0	0.0	0.0	0.03430171265503821	0.018564667762033193	0.0	0.0	
88.0 	0.0	0.0	0.0	0.0	0.03313820679987668	-0.020234732148962646	0.0	0.0	
88.2 	0.0	0.0	0.0	0.0	-0.0008214598913456266	-0.03864151482045235	0.0	0.0	
88.4 	0.0	0.0	0.0	0.0	-0.03364846348274101	-0.01863122878887634	0.0	0.0	
88.60000000000001 	0.0	0.0	0.0	0.0	-0.032855705330031744	0.01963100874455881	0.0	0.0	
88.80000000000001 	0.0	0.0	0.0	0.0	0.00047208527667937	0.03810097400653313	0.0	0.0	
89.0 	0.0	0.0	0.0	0.0	0.03305862485678239	0.01866149474552395	0.0	0.0	
89.2 	0.0	0.0	0.0	0.0	0.032646796917689944	-0.01912900696618627	0.0	0.0	
89.4 	0.0	0.0	0.0	0.0	-9.552503923246517e-05	-0.03771235255033306	0.0	0.0	
89.60000000000001 	0.0	0.0	0.0	0.0	-0.03251169791174279	-0.018837518464786856	0.0	0.0	
89.80000000000001 	0.0	0.0	0.0	0.0	-0.03251915825177369	0.018542339337654253	0.0	0.0	
90.0 	0.0	0.0	0.0	0.0	-0.0003356482320918283	0.03730767182739528	0.0	0.0	
90.2 	0.0	0.0	0.0	0.0	0.031982348263087094	0.019016787319443125	0.0	0.0	
90.4 	0.0	0.0	0.0	0.0	0.03246757856274266	-0.01800014288082361	0.0	0.0	
90.60000000000001 	0.0	0.0	0.0	0.0	0.0008379261371808406	-0.03702314284386725	0.0	0.0	
90.80000000000001 	0.0	0.0	0.0	0.0	-0.03144661430466045	-0.019355703187123575	0.0	0.0	
91.0 	0.0	0.0	0.0	0.0	-0.03247863292420971	0.01732871187471295	0.0	0.0	
91.2 	0.0	0.0	0.0	0.0	-0.0014167560568769967	0.036682743248792934	0.0	0.0	
91.4 	0.0	0.0	0.0	0.0	0.03088640333874795	0.01969075925903725	0.0	0.0	
91.60000000000001 	0.0	0.0	0.0	0.0	0.032536090150775784	-0.016675064971265512	0.0	0.0	
91.80000000000001 	0.0	0.0	0.0	0.0	0.002069005171086535	-0.036425365694797845	0.0	0.0	
92.0 	0.0	0.0	0.0	0.0	-0.030291451737152184	-0.02016569691902509	0.0	0.0	
92.2 	0.0	0.0	0.0	0.0	-0.032625545347668775	0.015883053624449278	0.0	0.0	
92.4 	0.0	0.0	0.0	0.0	-0.0027867688512427003	0.036084886827507316	0.0	0.0	
92.60000000000001 	0.0	0.0	0.0	0.0	0.02965898979602504	0.02061336646224552	0.0	0.0	
92.80000000000001 	0.0	0.0	0.0	0.0	0.032737568709802795	-0.015112999206176534	0.0	0.0	
93.0 	0.0	0.0	0.0	0.0	0.003561570626440521	-0.035813323801607636	0.0	0.0	
93.2 	0.0	0.0	0.0	0.0	-0.02899148205824409	-0.02118183817188433	0.0	0.0	
93.4 	0.0	0.0	0.0	0.0	-0.032868804833637216	0.014215194654002391	0.0	0.0	
93.60000000000001 	0.0	0.0	0.0	0.0	-0.004387786548169703	0.03545658262509959	0.0	0.0	
93.80000000000001 	0.0	0.0	0.0	0.0	0.028293474393585444	0.021713252072348428	0.0	0.0	
94.0 	0.0	0.0	0.0	0.0	0.03302133103027091	-0.013349360150070804	0.0	0.0	
94.2 	0.0	0.0	0.0	0.0	0.0052648490177099145	-0.035174761219577584	0.0	0.0	
94.4 	0.0	0.0	0.0	0.0	-0.02756824014712684	-0.022366791898681734	0.0	0.0	
94.60000000000001 	0.0	0.0	0.0	0.0	-0.0332005722050742	0.012359140650712665	0.0	0.0	
94.80000000000001 	0.0	0.0	0.0	0.0	-0.006197822759101005	0.03481602661974254	0.0	0.0	
95.0 	0.0	0.0	0.0	0.0	0.026815119624981818	0.02299417571435606	0.0	0.0	
95.2 	0.0	0.0	0.0	0.0	0.03341260379498695	-0.011394053824477744	0.0	0.0	
95.4 	0.0	0.0	0.0	0.0	0.0071966592253614676	-0.03453696951033075	0.0	0.0	
95.60000000000001 	0.0	0.0	0.0	0.0	-0.026027822216314646	-0.02376053033500989	0.0	0.0	
95.80000000000001 	0.0	0.0	0.0	0.0	-0.03366132196122519	0.010286414627666841	0.0	0.0	
96.0 	0.0	0.0	0.0	0.0	-0.008274332414655845	0.034177297199555694	0.0	0.0	
96.2 	0.0	0.0	0.0	0.0	0.02519401123479191	0.024518446972864198	0.0	0.0	
96.4 	0.0	0.0	0.0	0.0	0.033946172541905476	-0.009175925915053286	0.0	0.0	
96.60000000000001 	0.0	0.0	0.0	0.0	0.009444510250658322	-0.03388218016341465	0.0	0.0	
96.80000000000001 	0.0	0.0	0.0	0.0	-0.024295903937331904	-0.025428934895014906	0.0	0.0	
97.0 	0.0	0.0	0.0	0.0	-0.03426059893480603	0.00788821283499689	0.0	0.0	
97.2 	0.0	0.0	0.0	0.0	-0.010719077387958107	0.033478791739388454	0.0	0.0	
97.4 	0.0	0.0	0.0	0.0	0.023311776713218914	0.026336029596010016	0.0	0.0	
97.60000000000001 	0.0	0.0	0.0	0.0	0.03459148465430871	-0.006560625451686367	0.0	0.0	
97.80000000000001 	0.0	0.0	0.0	0.0	0.01210605259947694	-0.03310075763605515	0.0	0.0	
98.0 	0.0	0.0	0.0	0.0	-0.022217870054447468	-0.02738925899103864	0.0	0.0	
98.2 	0.0	0.0	0.0	0.0	-0.034919375401565554	0.005020793609331288	0.0	0.0	
98.4 	0.0	0.0	0.0	0.0	-0.013607994354330553	0.03256598027544059	0.0	0.0	
98.60000000000001 	0.0	0.0	0.0	0.0	0.02099050015668668	0.028419600927467804	0.0	0.0	
98.80000000000001 	0.0	0.0	0.0	0.0	0.03521945110136362	-0.0034121795668644855	0.0	0.0	
99.0 	0.0	0.0	0.0	0.0	0.015221146521993311	-0.03200218785210158	0.0	0.0	
99.2 	0.0	0.0	0.0	0.0	-0.019607945811906356	-0.02956360672341646	0.0	0.0	
99.4 	0.0	0.0	0.0	0.0	-0.03546286421159294	0.0015715775409121159	0.0	0.0	
99.60000000000001 	0.0	0.0	0.0	0.0	-0.016935160422218393	0.03122492306946332	0.0	0.0	
99.80000000000001 	0.0	0.0	0.0	0.0	0.018052060278386045	0.03064038487063944	0.0	0.0	
