0.0 	0.0	0.0	0.0	0.0	1.0	0.0	0.0	0.0	
0.2 	0.0	0.0	0.0	0.0	0.5562656501472305	-0.8268829560213747	0.0	0.0	
0.4 	0.0	0.0	0.0	0.0	-0.37261261919339994	-0.9133445157006236	0.0	0.0	
0.6000000000000001 	0.0	0.0	0.0	0.0	-0.9502780318756645	-0.194677088379904	0.0	0.0	
0.8 	0.0	0.0	0.0	0.0	-0.6726904703937425	0.6680741740383951	0.0	0.0	
1.0 	0.0	0.0	0.0	0.0	0.18172460669081675	0.9034035619223276	0.0	0.0	
1.2000000000000002 	0.0	0.0	0.0	0.0	0.8273486395430497	0.33149845066304445	0.0	0.0	
1.4000000000000001 	0.0	0.0	0.0	0.0	0.7014499373082934	-0.4948198230947833	0.0	0.0	
1.6 	0.0	0.0	0.0	0.0	-0.035846271681999026	-0.8230189455442262	0.0	0.0	
1.8 	0.0	0.0	0.0	0.0	-0.6830551620948032	-0.3934585635595444	0.0	0.0	
2.0 	0.0	0.0	0.0	0.0	-0.6651398266000589	0.3520740530519715	0.0	0.0	
2.2 	0.0	0.0	0.0	0.0	-0.050020537873281146	0.7155773949206792	0.0	0.0	
2.4000000000000004 	0.0	0.0	0.0	0.0	0.5551704398277026	0.39785614513917045	0.0	0.0	
2.6 	0.0	0.0	0.0	0.0	0.5983291140380044	-0.25392888451271367	0.0	0.0	
2.8000000000000003 	0.0	0.0	0.0	0.0	0.08761222337142069	-0.6122229863401977	0.0	0.0	
3.0 	0.0	0.0	0.0	0.0	-0.4570045532362688	-0.3708923394258431	0.0	0.0	
3.2 	0.0	0.0	0.0	0.0	-0.5258149209480267	0.19376669036457073	0.0	0.0	
3.4000000000000004 	0.0	0.0	0.0	0.0	-0.09532591621596324	0.5253500570901319	0.0	0.0	
3.6 	0.0	0.0	0.0	0.0	0.38652954831640096	0.33150824106007143	0.0	0.0	
3.8000000000000003 	0.0	0.0	0.0	0.0	0.4591449080258143	-0.15999538722924742	0.0	0.0	
4.0 	0.0	0.0	0.0	0.0	0.08721934843298026	-0.45663050253408705	0.0	0.0	
4.2 	0.0	0.0	0.0	0.0	-0.3373952264525242	-0.2903385855851459	0.0	0.0	
4.4 	0.0	0.0	0.0	0.0	-0.40234693480881795	0.14243026265032327	0.0	0.0	
4.6000000000000005 	0.0	0.0	0.0	0.0	-0.0726551071040212	0.4033291875436502	0.0	0.0	
4.800000000000001 	0.0	0.0	0.0	0.0	0.30248979850579355	0.25241993840602833	0.0	0.0	
5.0 	0.0	0.0	0.0	0.0	0.3548837368993615	-0.13332165070392482	0.0	0.0	
5.2 	0.0	0.0	0.0	0.0	0.05651506388496769	-0.3606580082441324	0.0	0.0	
5.4 	0.0	0.0	0.0	0.0	-0.27598456811387334	-0.21812956252112425	0.0	0.0	
5.6000000000000005 	0.0	0.0	0.0	0.0	-0.3137680266219673	0.12901549381221017	0.0	0.0	
5.800000000000001 	0.0	0.0	0.0	0.0	-0.03926182428354574	0.32517071516131113	0.0	0.0	
6.0 	0.0	0.0	0.0	0.0	0.25603136904314444	0.1862853844678175	0.0	0.0	
6.2 	0.0	0.0	0.0	0.0	0.27809588978383876	-0.12893318910605164	0.0	0.0	
6.4 	0.0	0.0	0.0	0.0	0.02154950407921144	-0.29639929483586114	0.0	0.0	
6.6000000000000005 	0.0	0.0	0.0	0.0	-0.24158526129755206	-0.15774528092710724	0.0	0.0	
6.800000000000001 	0.0	0.0	0.0	0.0	-0.24788928406418914	0.13133349994949495	0.0	0.0	
7.0 	0.0	0.0	0.0	0.0	-0.004740067238159918	0.27314640533973045	0.0	0.0	
7.2 	0.0	0.0	0.0	0.0	0.23103662205725803	0.13278536771973734	0.0	0.0	
7.4 	0.0	0.0	0.0	0.0	0.22265681144839977	-0.13491285774336512	0.0	0.0	
7.6000000000000005 	0.0	0.0	0.0	0.0	-0.010163032427330923	-0.2544763002946225	0.0	0.0	
7.800000000000001 	0.0	0.0	0.0	0.0	-0.2228260490023024	-0.11194660019960512	0.0	0.0	
8.0 	0.0	0.0	0.0	0.0	-0.20173500488500554	0.13776057212369075	0.0	0.0	
8.200000000000001 	0.0	0.0	0.0	0.0	0.022133296226966227	0.2383188370373303	0.0	0.0	
8.4 	0.0	0.0	0.0	0.0	0.21467117995395385	0.09435114244754184	0.0	0.0	
8.6 	0.0	0.0	0.0	0.0	0.1828462399052803	-0.13904022958384835	0.0	0.0	
8.8 	0.0	0.0	0.0	0.0	-0.032296953197159056	-0.22268287181016735	0.0	0.0	
9.0 	0.0	0.0	0.0	0.0	-0.2062199597215952	-0.07795895036743172	0.0	0.0	
9.200000000000001 	0.0	0.0	0.0	0.0	-0.16466515924510766	0.13997782917125035	0.0	0.0	
9.4 	0.0	0.0	0.0	0.0	0.04215065761014432	0.20779126716526639	0.0	0.0	
9.600000000000001 	0.0	0.0	0.0	0.0	0.19860739357274387	0.06233792850708095	0.0	0.0	
9.8 	0.0	0.0	0.0	0.0	0.1478898896170319	-0.14121655493634488	0.0	0.0	
10.0 	0.0	0.0	0.0	0.0	-0.05125310384821911	-0.19428674010177538	0.0	0.0	
10.200000000000001 	0.0	0.0	0.0	0.0	-0.19151669979276	-0.04815725652072441	0.0	0.0	
10.4 	0.0	0.0	0.0	0.0	-0.1323655994402936	0.1419994069609638	0.0	0.0	
10.600000000000001 	0.0	0.0	0.0	0.0	0.059493607183926205	0.18139034950112287	0.0	0.0	
10.8 	0.0	0.0	0.0	0.0	0.18456499853123956	0.03478695156758999	0.0	0.0	
11.0 	0.0	0.0	0.0	0.0	0.1175737355904032	-0.14267307612883717	0.0	0.0	
11.200000000000001 	0.0	0.0	0.0	0.0	-0.06734171308652129	-0.1691669545561096	0.0	0.0	
11.4 	0.0	0.0	0.0	0.0	-0.17806083378712334	-0.022116956628275716	0.0	0.0	
11.600000000000001 	0.0	0.0	0.0	0.0	-0.10365129916169119	0.1434155862070084	0.0	0.0	
11.8 	0.0	0.0	0.0	0.0	0.07481091966402524	0.15781810050056522	0.0	0.0	
12.0 	0.0	0.0	0.0	0.0	0.1721904479142299	0.010353545183267839	0.0	0.0	
12.200000000000001 	0.0	0.0	0.0	0.0	0.09101368975360602	-0.14409262702299766	0.0	0.0	
12.4 	0.0	0.0	0.0	0.0	-0.08125682683427125	-0.14744627649987044	0.0	0.0	
12.600000000000001 	0.0	0.0	0.0	0.0	-0.16622412798452785	-1.7273348483631897e-05	0.0	0.0	
12.8 	0.0	0.0	0.0	0.0	-0.07912993587773312	0.1436976483025889	0.0	0.0	
13.0 	0.0	0.0	0.0	0.0	0.08669543082518662	0.13669896801222625	0.0	0.0	
13.200000000000001 	0.0	0.0	0.0	0.0	0.15946758488692522	-0.010249576202175004	0.0	0.0	
13.4 	0.0	0.0	0.0	0.0	0.06663660864042832	-0.14316130996830861	0.0	0.0	
13.600000000000001 	0.0	0.0	0.0	0.0	-0.09285654580251189	-0.12571705345600603	0.0	0.0	
13.8 	0.0	0.0	0.0	0.0	-0.15352750442512678	0.02123812039177414	0.0	0.0	
14.0 	0.0	0.0	0.0	0.0	-0.05449632935396011	0.14403964018625334	0.0	0.0	
14.200000000000001 	0.0	0.0	0.0	0.0	0.09977840586558177	0.11635982881250714	0.0	0.0	
14.4 	0.0	0.0	0.0	0.0	0.14946698433519004	-0.03140121513028242	0.0	0.0	
14.600000000000001 	0.0	0.0	0.0	0.0	0.044434640954181766	-0.1456253864575828	0.0	0.0	
14.8 	0.0	0.0	0.0	0.0	-0.10569565906168847	-0.10895424462358767	0.0	0.0	
15.0 	0.0	0.0	0.0	0.0	-0.14608043171714968	0.03962684423742514	0.0	0.0	
15.200000000000001 	0.0	0.0	0.0	0.0	-0.03607764630144408	0.1465908823082135	0.0	0.0	
15.4 	0.0	0.0	0.0	0.0	0.11034422515712883	0.10252569276880083	0.0	0.0	
15.600000000000001 	0.0	0.0	0.0	0.0	0.142983231337531	-0.04630676544861144	0.0	0.0	
15.8 	0.0	0.0	0.0	0.0	0.02940268060646345	-0.1469849462393691	0.0	0.0	
16.0 	0.0	0.0	0.0	0.0	-0.11328653968154667	-0.0973029121857216	0.0	0.0	
16.2 	0.0	0.0	0.0	0.0	-0.13965606654436374	0.050627287692470976	0.0	0.0	
16.400000000000002 	0.0	0.0	0.0	0.0	-0.024410452328352254	0.14546780531911868	0.0	0.0	
16.6 	0.0	0.0	0.0	0.0	0.11362490484160048	0.0919784596512768	0.0	0.0	
16.8 	0.0	0.0	0.0	0.0	0.1344897863111468	-0.05313635546698019	0.0	0.0	
17.0 	0.0	0.0	0.0	0.0	0.019503335669952552	-0.1414287765442641	0.0	0.0	
17.2 	0.0	0.0	0.0	0.0	-0.11208963364203055	-0.08504203788425367	0.0	0.0	
17.400000000000002 	0.0	0.0	0.0	0.0	-0.126898761793111	0.055403577168522046	0.0	0.0	
17.6 	0.0	0.0	0.0	0.0	-0.01306402093589531	0.13553750323841612	0.0	0.0	
17.8 	0.0	0.0	0.0	0.0	0.11042375959907613	0.07575565996662081	0.0	0.0	
18.0 	0.0	0.0	0.0	0.0	0.11771876736121864	-0.0593059414117444	0.0	0.0	
18.2 	0.0	0.0	0.0	0.0	0.0044440425843798375	-0.12988833344191567	0.0	0.0	
18.400000000000002 	0.0	0.0	0.0	0.0	-0.11055516916069412	-0.06535230500659668	0.0	0.0	
18.6 	0.0	0.0	0.0	0.0	-0.10928182128620284	0.06513470131070404	0.0	0.0	
18.8 	0.0	0.0	0.0	0.0	0.00470306042868752	0.12621733530413548	0.0	0.0	
19.0 	0.0	0.0	0.0	0.0	0.11226197250258106	0.05626812053472717	0.0	0.0	
19.200000000000003 	0.0	0.0	0.0	0.0	0.10289961946049155	-0.07076686368393394	0.0	0.0	
19.400000000000002 	0.0	0.0	0.0	0.0	-0.012055187402699861	-0.12352391974910608	0.0	0.0	
19.6 	0.0	0.0	0.0	0.0	-0.11305753675533756	-0.04892422570889471	0.0	0.0	
19.8 	0.0	0.0	0.0	0.0	-0.09670750703546453	0.07460161395152155	0.0	0.0	
20.0 	0.0	0.0	0.0	0.0	0.018402494858125437	0.11961992775847288	0.0	0.0	
20.200000000000003 	0.0	0.0	0.0	0.0	0.11262370129276111	0.04121456419915514	0.0	0.0	
20.400000000000002 	0.0	0.0	0.0	0.0	0.08958716269290291	-0.07814483456245051	0.0	0.0	
20.6 	0.0	0.0	0.0	0.0	-0.0251720409599996	-0.11517097141062993	0.0	0.0	
20.8 	0.0	0.0	0.0	0.0	-0.11219574897859948	-0.03303005422218872	0.0	0.0	
21.0 	0.0	0.0	0.0	0.0	-0.08222878717824081	0.08196077695638121	0.0	0.0	
21.200000000000003 	0.0	0.0	0.0	0.0	0.03230879904585291	0.11074464914436838	0.0	0.0	
21.400000000000002 	0.0	0.0	0.0	0.0	0.11214135626968293	0.024536456871955305	0.0	0.0	
21.6 	0.0	0.0	0.0	0.0	0.07498638553521239	-0.08645432819153002	0.0	0.0	
21.8 	0.0	0.0	0.0	0.0	-0.03993155378883075	-0.10713461862416411	0.0	0.0	
22.0 	0.0	0.0	0.0	0.0	-0.11327873899108958	-0.01642999365137797	0.0	0.0	
22.200000000000003 	0.0	0.0	0.0	0.0	-0.06919198392964321	0.09159144196180119	0.0	0.0	
22.400000000000002 	0.0	0.0	0.0	0.0	0.04677360559465843	0.10529424829228859	0.0	0.0	
22.6 	0.0	0.0	0.0	0.0	0.11512987805810702	0.010493249557984332	0.0	0.0	
22.8 	0.0	0.0	0.0	0.0	0.0656453820521672	-0.09541529171274375	0.0	0.0	
23.0 	0.0	0.0	0.0	0.0	-0.05081312716521446	-0.10398057920812971	0.0	0.0	
23.200000000000003 	0.0	0.0	0.0	0.0	-0.11510784635909534	-0.00688755321243533	0.0	0.0	
23.400000000000002 	0.0	0.0	0.0	0.0	-0.0621911822431282	0.09624458325431548	0.0	0.0	
23.6 	0.0	0.0	0.0	0.0	0.05290490714802083	0.1005605126084618	0.0	0.0	
23.8 	0.0	0.0	0.0	0.0	0.11245992074413044	0.0030391852368875333	0.0	0.0	
24.0 	0.0	0.0	0.0	0.0	0.056888622953003676	-0.09562187702603009	0.0	0.0	
24.200000000000003 	0.0	0.0	0.0	0.0	-0.055238979915034576	-0.09508762918745699	0.0	0.0	
24.400000000000002 	0.0	0.0	0.0	0.0	-0.10864431759664685	0.0022205724057341113	0.0	0.0	
24.6 	0.0	0.0	0.0	0.0	-0.04993263577258134	0.09511734306120793	0.0	0.0	
24.8 	0.0	0.0	0.0	0.0	0.058726462555790275	0.08861566743532395	0.0	0.0	
25.0 	0.0	0.0	0.0	0.0	0.10497321703422018	-0.00888153132388579	0.0	0.0	
25.200000000000003 	0.0	0.0	0.0	0.0	0.042215535786941163	-0.09565464482112458	0.0	0.0	
25.400000000000002 	0.0	0.0	0.0	0.0	-0.06336396561903383	-0.08238137515323986	0.0	0.0	
25.6 	0.0	0.0	0.0	0.0	-0.10221595974027514	0.01611663752062013	0.0	0.0	
25.8 	0.0	0.0	0.0	0.0	-0.0347045094566131	0.09720150813084832	0.0	0.0	
26.0 	0.0	0.0	0.0	0.0	0.06862588786771355	0.07698776245273992	0.0	0.0	
26.200000000000003 	0.0	0.0	0.0	0.0	0.1005815276692369	-0.023250462564944945	0.0	0.0	
26.400000000000002 	0.0	0.0	0.0	0.0	0.028115708577322866	-0.09958687735484174	0.0	0.0	
26.6 	0.0	0.0	0.0	0.0	-0.07387156394419972	-0.07297095967893664	0.0	0.0	
26.8 	0.0	0.0	0.0	0.0	-0.1000474076337376	0.02935306343242079	0.0	0.0	
27.0 	0.0	0.0	0.0	0.0	-0.023172258396257122	0.10212372069641797	0.0	0.0	
27.200000000000003 	0.0	0.0	0.0	0.0	0.07803835314634437	0.07043696972055853	0.0	0.0	
27.400000000000002 	0.0	0.0	0.0	0.0	0.09993315784798	-0.03343722216623125	0.0	0.0	
27.6 	0.0	0.0	0.0	0.0	0.020183439545831818	-0.1034251196263432	0.0	0.0	
27.8 	0.0	0.0	0.0	0.0	-0.07972122777874527	-0.0684158512048645	0.0	0.0	
28.0 	0.0	0.0	0.0	0.0	-0.09824529540347235	0.03535240963931347	0.0	0.0	
28.200000000000003 	0.0	0.0	0.0	0.0	-0.017450200886997416	0.1020350430947273	0.0	0.0	
28.400000000000002 	0.0	0.0	0.0	0.0	0.07952401801174663	0.06460650106648554	0.0	0.0	
28.6 	0.0	0.0	0.0	0.0	0.09419278686056504	-0.03736560093996717	0.0	0.0	
28.8 	0.0	0.0	0.0	0.0	0.013132067056595328	-0.09933923669794825	0.0	0.0	
29.0 	0.0	0.0	0.0	0.0	-0.07955216280504596	-0.05911508627865882	0.0	0.0	
29.200000000000003 	0.0	0.0	0.0	0.0	-0.08934758203779052	0.04045042904772842	0.0	0.0	
29.400000000000002 	0.0	0.0	0.0	0.0	-0.007843637206924338	0.09677866184710092	0.0	0.0	
29.6 	0.0	0.0	0.0	0.0	0.08006718743634543	0.05320841749297929	0.0	0.0	
29.8 	0.0	0.0	0.0	0.0	0.08443822830428344	-0.043853100064101785	0.0	0.0	
30.0 	0.0	0.0	0.0	0.0	0.002379207466386502	-0.09406933257006421	0.0	0.0	
30.200000000000003 	0.0	0.0	0.0	0.0	-0.08035174309588354	-0.04683885167227639	0.0	0.0	
30.400000000000002 	0.0	0.0	0.0	0.0	-0.07871174143893775	0.04751566449969434	0.0	0.0	
30.6 	0.0	0.0	0.0	0.0	0.004183565908913824	0.09091806253233793	0.0	0.0	
30.8 	0.0	0.0	0.0	0.0	0.08138621956525789	0.03919679813002174	0.0	0.0	
31.0 	0.0	0.0	0.0	0.0	0.07278285977741025	-0.05289508628839232	0.0	0.0	
31.200000000000003 	0.0	0.0	0.0	0.0	-0.012109133353659703	-0.08914826060654711	0.0	0.0	
31.400000000000002 	0.0	0.0	0.0	0.0	-0.0845318736432532	-0.03178564711913156	0.0	0.0	
31.6 	0.0	0.0	0.0	0.0	-0.06875105064863093	0.059571964469047944	0.0	0.0	
31.8 	0.0	0.0	0.0	0.0	0.019440816475080662	0.08979203534665577	0.0	0.0	
32.0 	0.0	0.0	0.0	0.0	0.0889667715095148	0.026742290199913418	0.0	0.0	
32.2 	0.0	0.0	0.0	0.0	0.06747818029648021	-0.06529457053221525	0.0	0.0	
32.4 	0.0	0.0	0.0	0.0	-0.023893642863355487	-0.0916521462904211	0.0	0.0	
32.6 	0.0	0.0	0.0	0.0	-0.09199375399379206	-0.024657394401612177	0.0	0.0	
32.800000000000004 	0.0	0.0	0.0	0.0	-0.0671341264908708	0.06780549308757211	0.0	0.0	
33.0 	0.0	0.0	0.0	0.0	0.025534651891812806	0.09175494408048944	0.0	0.0	
33.2 	0.0	0.0	0.0	0.0	0.09186825153382336	0.023153327742457316	0.0	0.0	
33.4 	0.0	0.0	0.0	0.0	0.06498447656670694	-0.06787155855729508	0.0	0.0	
33.6 	0.0	0.0	0.0	0.0	-0.02682292384257311	-0.08903473062474457	0.0	0.0	
33.800000000000004 	0.0	0.0	0.0	0.0	-0.08970392502772188	-0.019976993668534674	0.0	0.0	
34.0 	0.0	0.0	0.0	0.0	-0.06042825262880155	0.0677898934587714	0.0	0.0	
34.2 	0.0	0.0	0.0	0.0	0.029625364361474005	0.08478330829616376	0.0	0.0	
34.4 	0.0	0.0	0.0	0.0	0.08766975592569953	0.014950359247741872	0.0	0.0	
34.6 	0.0	0.0	0.0	0.0	0.05498339954004207	-0.06894408765109378	0.0	0.0	
34.800000000000004 	0.0	0.0	0.0	0.0	-0.03356711754889605	-0.08083557489197185	0.0	0.0	
35.0 	0.0	0.0	0.0	0.0	-0.086415317598232	-0.00956175913019091	0.0	0.0	
35.2 	0.0	0.0	0.0	0.0	-0.04977804775627128	0.07064610622359976	0.0	0.0	
35.4 	0.0	0.0	0.0	0.0	0.037653695435720634	0.0772790113700423	0.0	0.0	
35.6 	0.0	0.0	0.0	0.0	0.08544847366709034	0.004310626466728052	0.0	0.0	
35.800000000000004 	0.0	0.0	0.0	0.0	0.04484463661197107	-0.07241140989346906	0.0	0.0	
36.0 	0.0	0.0	0.0	0.0	-0.041545918783539915	-0.07390942256673863	0.0	0.0	
36.2 	0.0	0.0	0.0	0.0	-0.08438716410954869	0.0006860213114392509	0.0	0.0	
36.4 	0.0	0.0	0.0	0.0	-0.039928044677210284	0.07390579263139856	0.0	0.0	
36.6 	0.0	0.0	0.0	0.0	0.04531918439173144	0.07030606064425575	0.0	0.0	
36.800000000000004 	0.0	0.0	0.0	0.0	0.08313617704491355	-0.005840098334608984	0.0	0.0	
37.0 	0.0	0.0	0.0	0.0	0.03478454604147691	-0.075460778722113	0.0	0.0	
37.2 	0.0	0.0	0.0	0.0	-0.049324680476494125	-0.0666423726742278	0.0	0.0	
37.4 	0.0	0.0	0.0	0.0	-0.08205721470595327	0.011207131806602297	0.0	0.0	
37.6 	0.0	0.0	0.0	0.0	-0.02962950072788383	0.07736388798780247	0.0	0.0	
37.800000000000004 	0.0	0.0	0.0	0.0	0.05364519412333925	0.06332028079741153	0.0	0.0	
38.0 	0.0	0.0	0.0	0.0	0.08157658221144949	-0.016488352158561443	0.0	0.0	
38.2 	0.0	0.0	0.0	0.0	0.025112525160021174	-0.07963309592629653	0.0	0.0	
38.400000000000006 	0.0	0.0	0.0	0.0	-0.057652077872637694	-0.060759395303429414	0.0	0.0	
38.6 	0.0	0.0	0.0	0.0	-0.08132798030773795	0.020962455240035222	0.0	0.0	
38.800000000000004 	0.0	0.0	0.0	0.0	-0.02123875505338747	0.0814726148970153	0.0	0.0	
39.0 	0.0	0.0	0.0	0.0	0.061034614270643876	0.05831048455152569	0.0	0.0	
39.2 	0.0	0.0	0.0	0.0	0.08086542848699817	-0.025032268342619745	0.0	0.0	
39.400000000000006 	0.0	0.0	0.0	0.0	0.017575693493124513	-0.08307740849205629	0.0	0.0	
39.6 	0.0	0.0	0.0	0.0	-0.06416850000327226	-0.056053286981673826	0.0	0.0	
39.800000000000004 	0.0	0.0	0.0	0.0	-0.0805490041670373	0.028697240897389995	0.0	0.0	
40.0 	0.0	0.0	0.0	0.0	-0.014489631814905427	0.08458767259007119	0.0	0.0	
40.2 	0.0	0.0	0.0	0.0	0.0667737273655531	0.05435746554827044	0.0	0.0	
40.400000000000006 	0.0	0.0	0.0	0.0	0.08038533496153814	-0.03137497741418854	0.0	0.0	
40.6 	0.0	0.0	0.0	0.0	0.012454509686596392	-0.08541612382029054	0.0	0.0	
40.800000000000004 	0.0	0.0	0.0	0.0	-0.06791911186548753	-0.05297854848758761	0.0	0.0	
41.0 	0.0	0.0	0.0	0.0	-0.07927328804731362	0.03266619550470492	0.0	0.0	
41.2 	0.0	0.0	0.0	0.0	-0.010675935280635969	0.08448175599551253	0.0	0.0	
41.400000000000006 	0.0	0.0	0.0	0.0	0.06766792170656684	0.050476007741785546	0.0	0.0	
41.6 	0.0	0.0	0.0	0.0	0.07643551127296713	-0.033802421337820215	0.0	0.0	
41.800000000000004 	0.0	0.0	0.0	0.0	0.0078553192444099	-0.08228027994168453	0.0	0.0	
42.0 	0.0	0.0	0.0	0.0	-0.06722188803840282	-0.046428682882055324	0.0	0.0	
42.2 	0.0	0.0	0.0	0.0	-0.07238317837968435	0.035825631593309065	0.0	0.0	
42.400000000000006 	0.0	0.0	0.0	0.0	-0.003579795661163233	0.0798411052298727	0.0	0.0	
42.6 	0.0	0.0	0.0	0.0	0.06764685153057415	0.04122947749901169	0.0	0.0	
42.800000000000004 	0.0	0.0	0.0	0.0	0.06820549845484868	-0.03923825366723924	0.0	0.0	
43.0 	0.0	0.0	0.0	0.0	-0.0016657669177896268	-0.07830533591783262	0.0	0.0	
43.2 	0.0	0.0	0.0	0.0	-0.0693239845966761	-0.0360368499212149	0.0	0.0	
43.400000000000006 	0.0	0.0	0.0	0.0	-0.0648954183175087	0.04348453842754121	0.0	0.0	
43.6 	0.0	0.0	0.0	0.0	0.006892845732569324	0.07797511423961909	0.0	0.0	
43.800000000000004 	0.0	0.0	0.0	0.0	0.07188280196880309	0.03175508619659304	0.0	0.0	
44.0 	0.0	0.0	0.0	0.0	0.06295415794528235	-0.047671018203381724	0.0	0.0	
44.2 	0.0	0.0	0.0	0.0	-0.010977289423266645	-0.07858133185273108	0.0	0.0	
44.400000000000006 	0.0	0.0	0.0	0.0	-0.0741800942399084	-0.02900556432407693	0.0	0.0	
44.6 	0.0	0.0	0.0	0.0	-0.061836174213755216	0.05050947942856781	0.0	0.0	
44.800000000000004 	0.0	0.0	0.0	0.0	0.013574458179823641	0.07874895523565793	0.0	0.0	
45.0 	0.0	0.0	0.0	0.0	0.0751594186134725	0.02694115338618539	0.0	0.0	
45.2 	0.0	0.0	0.0	0.0	0.06030991131054289	-0.05199471212473657	0.0	0.0	
45.400000000000006 	0.0	0.0	0.0	0.0	-0.015492265626066681	-0.07774043521042896	0.0	0.0	
45.6 	0.0	0.0	0.0	0.0	-0.07485583156715195	-0.024568450025809294	0.0	0.0	
45.800000000000004 	0.0	0.0	0.0	0.0	-0.05769957820946982	0.0528117313318601	0.0	0.0	
46.0 	0.0	0.0	0.0	0.0	0.017708459415439245	0.0755771121388326	0.0	0.0	
46.2 	0.0	0.0	0.0	0.0	0.0740360242388668	0.021264388596277346	0.0	0.0	
46.400000000000006 	0.0	0.0	0.0	0.0	0.054224212838033393	-0.0538810914497922	0.0	0.0	
46.6 	0.0	0.0	0.0	0.0	-0.02054895770787567	-0.07302449499757574	0.0	0.0	
46.800000000000004 	0.0	0.0	0.0	0.0	-0.07326850414600732	-0.01734504594506167	0.0	0.0	
47.0 	0.0	0.0	0.0	0.0	-0.05030207583290536	0.055320357325869	0.0	0.0	
47.2 	0.0	0.0	0.0	0.0	0.023981793394904947	0.07035201789902548	0.0	0.0	
47.400000000000006 	0.0	0.0	0.0	0.0	0.07285350200142186	0.012889077129598626	0.0	0.0	
47.6 	0.0	0.0	0.0	0.0	0.04628107925339489	-0.05741351462669799	0.0	0.0	
47.800000000000004 	0.0	0.0	0.0	0.0	-0.027917732769344564	-0.06809881215640139	0.0	0.0	
48.0 	0.0	0.0	0.0	0.0	-0.07307160689469266	-0.008387133232041738	0.0	0.0	
48.2 	0.0	0.0	0.0	0.0	-0.04264749236631792	0.06000127054860704	0.0	0.0	
48.400000000000006 	0.0	0.0	0.0	0.0	0.03199350061205064	0.06649618562341143	0.0	0.0	
48.6 	0.0	0.0	0.0	0.0	0.07394911644399306	0.004246659480195903	0.0	0.0	
48.800000000000004 	0.0	0.0	0.0	0.0	0.0398335417508815	-0.06284955719793278	0.0	0.0	
49.0 	0.0	0.0	0.0	0.0	-0.035624765709159185	-0.06573318184606541	0.0	0.0	
49.2 	0.0	0.0	0.0	0.0	-0.07510903157872803	-0.001058127432317267	0.0	0.0	
49.400000000000006 	0.0	0.0	0.0	0.0	-0.037894923309097994	0.06524962287021506	0.0	0.0	
49.6 	0.0	0.0	0.0	0.0	0.03838436905420936	0.06533950092068161	0.0	0.0	
49.800000000000004 	0.0	0.0	0.0	0.0	0.0760602678770232	-0.0012208546997541845	0.0	0.0	
50.0 	0.0	0.0	0.0	0.0	0.0366209744364044	-0.06692412596114096	0.0	0.0	
50.2 	0.0	0.0	0.0	0.0	-0.040060630074377865	-0.06505171026396134	0.0	0.0	
50.400000000000006 	0.0	0.0	0.0	0.0	-0.07633452723031564	0.0025118070638372506	0.0	0.0	
50.6 	0.0	0.0	0.0	0.0	-0.03565356020194916	0.06736654296066466	0.0	0.0	
50.800000000000004 	0.0	0.0	0.0	0.0	0.040587903842606396	0.06416854174047287	0.0	0.0	
51.0 	0.0	0.0	0.0	0.0	0.07541492167453923	-0.0033019652812849866	0.0	0.0	
51.2 	0.0	0.0	0.0	0.0	0.03433118253209972	-0.06654510642899679	0.0	0.0	
51.400000000000006 	0.0	0.0	0.0	0.0	-0.04031520250373226	-0.06216775661826575	0.0	0.0	
51.6 	0.0	0.0	0.0	0.0	-0.07303561157327343	0.004225107350459279	0.0	0.0	
51.800000000000004 	0.0	0.0	0.0	0.0	-0.03185083224229932	0.06469975049631284	0.0	0.0	
52.0 	0.0	0.0	0.0	0.0	0.0401401528401722	0.05859288613111382	0.0	0.0	
52.2 	0.0	0.0	0.0	0.0	0.06964374428764937	-0.006316062833527486	0.0	0.0	
52.400000000000006 	0.0	0.0	0.0	0.0	0.027909326030894056	-0.06295297252109089	0.0	0.0	
52.6 	0.0	0.0	0.0	0.0	-0.04096635908086058	-0.05408644273677089	0.0	0.0	
52.800000000000004 	0.0	0.0	0.0	0.0	-0.06622466239386487	0.009700163663110701	0.0	0.0	
53.0 	0.0	0.0	0.0	0.0	-0.023007296452267484	0.06202276145300771	0.0	0.0	
53.2 	0.0	0.0	0.0	0.0	0.043039265798155195	0.04943444742135335	0.0	0.0	
53.400000000000006 	0.0	0.0	0.0	0.0	0.06357346989133492	-0.014061633371476619	0.0	0.0	
53.6 	0.0	0.0	0.0	0.0	0.017980103199832512	-0.06228130493678003	0.0	0.0	
53.800000000000004 	0.0	0.0	0.0	0.0	-0.04596711602079653	-0.04548119228320225	0.0	0.0	
54.0 	0.0	0.0	0.0	0.0	-0.06189945654113821	0.01856025156537151	0.0	0.0	
54.2 	0.0	0.0	0.0	0.0	-0.013403212486022754	0.06329995458083049	0.0	0.0	
54.400000000000006 	0.0	0.0	0.0	0.0	0.04923784348189311	0.042293637856607745	0.0	0.0	
54.6 	0.0	0.0	0.0	0.0	0.06107003848845252	-0.02288715107641528	0.0	0.0	
54.800000000000004 	0.0	0.0	0.0	0.0	0.009526623119083307	-0.06490278349492395	0.0	0.0	
55.0 	0.0	0.0	0.0	0.0	-0.05249054016929545	-0.04004650639246071	0.0	0.0	
55.2 	0.0	0.0	0.0	0.0	-0.06093047081854809	0.02659581563752228	0.0	0.0	
55.400000000000006 	0.0	0.0	0.0	0.0	-0.006522116022848948	0.06665904361472716	0.0	0.0	
55.6 	0.0	0.0	0.0	0.0	0.055382492181417164	0.038585439632429656	0.0	0.0	
55.800000000000004 	0.0	0.0	0.0	0.0	0.06126716220180087	-0.029533369747592218	0.0	0.0	
56.0 	0.0	0.0	0.0	0.0	0.004514061557452749	-0.06833067711140801	0.0	0.0	
56.2 	0.0	0.0	0.0	0.0	-0.05749722431078566	-0.03789530770154423	0.0	0.0	
56.400000000000006 	0.0	0.0	0.0	0.0	-0.06164635659984156	0.03132804420098937	0.0	0.0	
56.6 	0.0	0.0	0.0	0.0	-0.00336258217903178	0.06926574045652127	0.0	0.0	
56.800000000000004 	0.0	0.0	0.0	0.0	0.05855345583246952	0.037356215814651414	0.0	0.0	
57.0 	0.0	0.0	0.0	0.0	0.0615161326982418	-0.03225851891921847	0.0	0.0	
57.2 	0.0	0.0	0.0	0.0	0.002579159458841556	-0.069302424539051	0.0	0.0	
57.400000000000006 	0.0	0.0	0.0	0.0	-0.058673724410497625	-0.03654321706758534	0.0	0.0	
57.6 	0.0	0.0	0.0	0.0	-0.060553066976498295	0.0326716899244835	0.0	0.0	
57.800000000000004 	0.0	0.0	0.0	0.0	-0.0015826527272749106	0.068417334866514	0.0	0.0	
58.0 	0.0	0.0	0.0	0.0	0.05836157549705864	0.034993450538479395	0.0	0.0	
58.2 	0.0	0.0	0.0	0.0	0.05890379839998944	-0.03328512261262795	0.0	0.0	
58.400000000000006 	0.0	0.0	0.0	0.0	9.626552013477389e-05	-0.06726417056649955	0.0	0.0	
58.6 	0.0	0.0	0.0	0.0	-0.05814840636881746	-0.03303155409674335	0.0	0.0	
58.800000000000004 	0.0	0.0	0.0	0.0	-0.057060822010366184	0.034174852991382704	0.0	0.0	
59.0 	0.0	0.0	0.0	0.0	0.0016778598318267538	0.0661769013219249	0.0	0.0	
59.2 	0.0	0.0	0.0	0.0	0.0582062261995576	0.030986440265347956	0.0	0.0	
59.400000000000006 	0.0	0.0	0.0	0.0	0.055461108972737	-0.03525668997179086	0.0	0.0	
59.6 	0.0	0.0	0.0	0.0	-0.0032680001781290545	-0.065418133378584	0.0	0.0	
59.800000000000004 	0.0	0.0	0.0	0.0	-0.05825981323543863	-0.029396109002248372	0.0	0.0	
60.0 	0.0	0.0	0.0	0.0	-0.05415080336970243	0.03591573391094198	0.0	0.0	
60.2 	0.0	0.0	0.0	0.0	0.004339726418596207	0.06452328245163085	0.0	0.0	
60.400000000000006 	0.0	0.0	0.0	0.0	0.057857520097893904	0.028096206682130826	0.0	0.0	
60.6 	0.0	0.0	0.0	0.0	0.0527889110952544	-0.03601429344997741	0.0	0.0	
60.800000000000004 	0.0	0.0	0.0	0.0	-0.004949016008753642	-0.06320327475952604	0.0	0.0	
61.0 	0.0	0.0	0.0	0.0	-0.05674086164269774	-0.026878961266087454	0.0	0.0	
61.2 	0.0	0.0	0.0	0.0	-0.050941593439402785	0.03548386664448044	0.0	0.0	
61.400000000000006 	0.0	0.0	0.0	0.0	0.00546484950097893	0.06106670879974586	0.0	0.0	
61.6 	0.0	0.0	0.0	0.0	0.05500540709395087	0.025167053172259552	0.0	0.0	
61.800000000000004 	0.0	0.0	0.0	0.0	0.0483796664397626	-0.03483942780470457	0.0	0.0	
62.0 	0.0	0.0	0.0	0.0	-0.006297724433742786	-0.05835372616873434	0.0	0.0	
62.2 	0.0	0.0	0.0	0.0	-0.05298872098265372	-0.022882624123420337	0.0	0.0	
62.400000000000006 	0.0	0.0	0.0	0.0	-0.04516252140956754	0.03432051532164359	0.0	0.0	
62.6 	0.0	0.0	0.0	0.0	0.007689845345316222	0.05520988938757591	0.0	0.0	
62.800000000000004 	0.0	0.0	0.0	0.0	0.051062109521272096	0.019890520182603125	0.0	0.0	
63.0 	0.0	0.0	0.0	0.0	0.04153996567519272	-0.03433803351118021	0.0	0.0	
63.2 	0.0	0.0	0.0	0.0	-0.009671425623732648	-0.05213341435476109	0.0	0.0	
63.400000000000006 	0.0	0.0	0.0	0.0	-0.049497888254561834	-0.016538022402179563	0.0	0.0	
63.6 	0.0	0.0	0.0	0.0	-0.03782552378545493	0.034819201175003894	0.0	0.0	
63.800000000000004 	0.0	0.0	0.0	0.0	0.012106793961469898	0.04925514348370823	0.0	0.0	
64.0 	0.0	0.0	0.0	0.0	0.0484240963193672	0.012952129230838202	0.0	0.0	
64.2 	0.0	0.0	0.0	0.0	0.03431137457393057	-0.03583566125289994	0.0	0.0	
64.4 	0.0	0.0	0.0	0.0	-0.014746693783768871	-0.046895104376563995	0.0	0.0	
64.60000000000001 	0.0	0.0	0.0	0.0	-0.04780258580330697	-0.009580528125123828	0.0	0.0	
64.8 	0.0	0.0	0.0	0.0	-0.031189680022663296	0.037012071499731465	0.0	0.0	
65.0 	0.0	0.0	0.0	0.0	0.017301195263630133	0.04489273939185699	0.0	0.0	
65.2 	0.0	0.0	0.0	0.0	0.04743355014426278	0.006474637218602898	0.0	0.0	
65.4 	0.0	0.0	0.0	0.0	0.028471389275815558	-0.038219929631468516	0.0	0.0	
65.60000000000001 	0.0	0.0	0.0	0.0	-0.01956338236034736	-0.04321562430445521	0.0	0.0	
65.8 	0.0	0.0	0.0	0.0	-0.04704327154693981	-0.003803243587561528	0.0	0.0	
66.0 	0.0	0.0	0.0	0.0	-0.025974526182504953	0.03910609234219753	0.0	0.0	
66.2 	0.0	0.0	0.0	0.0	0.02152630152355142	0.04144411727366483	0.0	0.0	
66.4 	0.0	0.0	0.0	0.0	0.04644644913586501	0.0012266726099397628	0.0	0.0	
66.60000000000001 	0.0	0.0	0.0	0.0	0.023439425458669595	-0.039833513489973035	0.0	0.0	
66.8 	0.0	0.0	0.0	0.0	-0.0233853753764371	-0.03956304263209164	0.0	0.0	
67.0 	0.0	0.0	0.0	0.0	-0.04567166644043026	0.001357920864002811	0.0	0.0	
67.2 	0.0	0.0	0.0	0.0	-0.02071181523826746	0.04045706619290238	0.0	0.0	
67.4 	0.0	0.0	0.0	0.0	0.02539812692476639	0.03746668106037032	0.0	0.0	
67.60000000000001 	0.0	0.0	0.0	0.0	0.04494246540498917	-0.004247091049400735	0.0	0.0	
67.8 	0.0	0.0	0.0	0.0	0.017856926024978514	-0.04139132502582235	0.0	0.0	
68.0 	0.0	0.0	0.0	0.0	-0.027699315916113947	-0.03554538725965966	0.0	0.0	
68.2 	0.0	0.0	0.0	0.0	-0.04452309870462959	0.0072100242117056025	0.0	0.0	
68.4 	0.0	0.0	0.0	0.0	-0.015119427727569473	0.0426138220217782	0.0	0.0	
68.60000000000001 	0.0	0.0	0.0	0.0	0.03020753848177503	0.03391283384546879	0.0	0.0	
68.8 	0.0	0.0	0.0	0.0	0.04454649467379546	-0.01015299866056235	0.0	0.0	
69.0 	0.0	0.0	0.0	0.0	0.01276965756490998	-0.04419903831297207	0.0	0.0	
69.2 	0.0	0.0	0.0	0.0	-0.03267697291891006	-0.03286045826161873	0.0	0.0	
69.4 	0.0	0.0	0.0	0.0	-0.04494001441811153	0.012651034170240574	0.0	0.0	
69.60000000000001 	0.0	0.0	0.0	0.0	-0.010950902244057564	0.045754165293737874	0.0	0.0	
69.8 	0.0	0.0	0.0	0.0	0.034838934639357416	0.032172890959346584	0.0	0.0	
70.0 	0.0	0.0	0.0	0.0	0.04547675012514344	-0.01470788062155685	0.0	0.0	
70.2 	0.0	0.0	0.0	0.0	0.009616896341008822	-0.04716875971302087	0.0	0.0	
70.4 	0.0	0.0	0.0	0.0	-0.03653485373921882	-0.03179201953916195	0.0	0.0	
70.60000000000001 	0.0	0.0	0.0	0.0	-0.0458969712245365	0.016198835914902284	0.0	0.0	
70.8 	0.0	0.0	0.0	0.0	-0.00857107381629387	0.0481216304158869	0.0	0.0	
71.0 	0.0	0.0	0.0	0.0	0.03777702508814607	0.03130938460136077	0.0	0.0	
71.2 	0.0	0.0	0.0	0.0	0.0460255183419926	-0.017458341588621366	0.0	0.0	
71.4 	0.0	0.0	0.0	0.0	0.007565117873912174	-0.04876169592910577	0.0	0.0	
71.60000000000001 	0.0	0.0	0.0	0.0	-0.03872884723134411	-0.030695450406409034	0.0	0.0	
71.8 	0.0	0.0	0.0	0.0	-0.045838728594179715	0.018575106964100807	0.0	0.0	
72.0 	0.0	0.0	0.0	0.0	-0.00640545464251813	0.04908164944992442	0.0	0.0	
72.2 	0.0	0.0	0.0	0.0	0.03962924140787316	0.029753729882523894	0.0	0.0	
72.4 	0.0	0.0	0.0	0.0	0.04546799305360516	-0.01990748224533343	0.0	0.0	
72.60000000000001 	0.0	0.0	0.0	0.0	0.005031514003987991	-0.049471257750987374	0.0	0.0	
72.8 	0.0	0.0	0.0	0.0	-0.04069282973532578	-0.02875428439566665	0.0	0.0	
73.0 	0.0	0.0	0.0	0.0	-0.045144912819562434	0.02138070509302861	0.0	0.0	
73.2 	0.0	0.0	0.0	0.0	-0.003542221458527489	0.05000179300317128	0.0	0.0	
73.4 	0.0	0.0	0.0	0.0	0.042019525659470536	0.027770029931621854	0.0	0.0	
73.60000000000001 	0.0	0.0	0.0	0.0	0.04510659508588877	-0.023068203901828635	0.0	0.0	
73.8 	0.0	0.0	0.0	0.0	0.0021597487804284315	-0.05094861596135596	0.0	0.0	
74.0 	0.0	0.0	0.0	0.0	-0.04354755062813379	-0.027203088225867377	0.0	0.0	
74.2 	0.0	0.0	0.0	0.0	-0.045494984667646426	0.024600881707864668	0.0	0.0	
74.4 	0.0	0.0	0.0	0.0	-0.0011400088900422058	0.052116927340530396	0.0	0.0	
74.60000000000001 	0.0	0.0	0.0	0.0	0.045073646129077674	0.0270619160203441	0.0	0.0	
74.8 	0.0	0.0	0.0	0.0	0.04629407032728732	-0.025872061422682138	0.0	0.0	
75.0 	0.0	0.0	0.0	0.0	0.0006664925472067057	-0.0534735172435982	0.0	0.0	
75.2 	0.0	0.0	0.0	0.0	-0.04633514542918244	-0.027511406473058258	0.0	0.0	
75.4 	0.0	0.0	0.0	0.0	-0.04733588801022299	0.026525415801375844	0.0	0.0	
75.60000000000001 	0.0	0.0	0.0	0.0	-0.0007767609895433119	0.05460522346391534	0.0	0.0	
75.8 	0.0	0.0	0.0	0.0	0.04711623202192182	0.02825362620834433	0.0	0.0	
76.0 	0.0	0.0	0.0	0.0	0.04837290120662563	-0.026650709006360577	0.0	0.0	
76.2 	0.0	0.0	0.0	0.0	0.0013568157416245518	-0.05544216169119122	0.0	0.0	
76.4 	0.0	0.0	0.0	0.0	-0.04732607021250729	-0.029213692792238122	0.0	0.0	
76.60000000000001 	0.0	0.0	0.0	0.0	-0.049178374630487715	0.026174985047533544	0.0	0.0	
76.80000000000001 	0.0	0.0	0.0	0.0	-0.002201524592341821	0.05571672116108807	0.0	0.0	
77.0 	0.0	0.0	0.0	0.0	0.04701344586830029	0.03001603506340347	0.0	0.0	
77.2 	0.0	0.0	0.0	0.0	0.04962369591344922	-0.02542782203836733	0.0	0.0	
77.4 	0.0	0.0	0.0	0.0	0.003104759083929597	-0.05560084247492176	0.0	0.0	
77.60000000000001 	0.0	0.0	0.0	0.0	-0.0463185690467759	-0.030678894570551656	0.0	0.0	
77.80000000000001 	0.0	0.0	0.0	0.0	-0.04969817869338987	0.024437895566602377	0.0	0.0	
78.0 	0.0	0.0	0.0	0.0	-0.00393076302489931	0.055043955315683686	0.0	0.0	
78.2 	0.0	0.0	0.0	0.0	0.04539606318949162	0.0310155897296055	0.0	0.0	
78.4 	0.0	0.0	0.0	0.0	0.04947206753913028	-0.023485651818285335	0.0	0.0	
78.60000000000001 	0.0	0.0	0.0	0.0	0.004635520984142863	-0.05432251592282332	0.0	0.0	
78.80000000000001 	0.0	0.0	0.0	0.0	-0.044352539919510756	-0.031221951459307364	0.0	0.0	
79.0 	0.0	0.0	0.0	0.0	-0.04903255416321352	0.02246259480061091	0.0	0.0	
79.2 	0.0	0.0	0.0	0.0	-0.0052378809931067595	0.053362655483355836	0.0	0.0	
79.4 	0.0	0.0	0.0	0.0	0.043227241215550605	0.031198194823073507	0.0	0.0	
79.60000000000001 	0.0	0.0	0.0	0.0	0.04843156995507852	-0.021517435794275907	0.0	0.0	
79.80000000000001 	0.0	0.0	0.0	0.0	0.0057667549520449765	-0.05234273107803401	0.0	0.0	
80.0 	0.0	0.0	0.0	0.0	-0.042015963813640034	-0.03112159522133062	0.0	0.0	
80.2 	0.0	0.0	0.0	0.0	-0.04767002561391669	0.020484374215216625	0.0	0.0	
80.4 	0.0	0.0	0.0	0.0	-0.006217536906509472	0.0510956585508515	0.0	0.0	
80.60000000000001 	0.0	0.0	0.0	0.0	0.040716412335829996	0.03081228018161293	0.0	0.0	
80.80000000000001 	0.0	0.0	0.0	0.0	0.04671983007635123	-0.019543815156845088	0.0	0.0	
81.0 	0.0	0.0	0.0	0.0	0.006539979125914644	-0.04977232340120972	0.0	0.0	
81.2 	0.0	0.0	0.0	0.0	-0.039366012457495735	-0.0303753013223631	0.0	0.0	
81.4 	0.0	0.0	0.0	0.0	-0.04556507578873851	0.018612888370902792	0.0	0.0	
81.60000000000001 	0.0	0.0	0.0	0.0	-0.0066591713812046375	0.048257359614613575	0.0	0.0	
81.80000000000001 	0.0	0.0	0.0	0.0	0.03805283347958011	0.029620088244326808	0.0	0.0	
82.0 	0.0	0.0	0.0	0.0	0.04423804011739054	-0.017945895350242273	0.0	0.0	
82.2 	0.0	0.0	0.0	0.0	0.006515045810799239	-0.0468014100826879	0.0	0.0	
82.4 	0.0	0.0	0.0	0.0	-0.03689639352876864	-0.02871749465632934	0.0	0.0	
82.60000000000001 	0.0	0.0	0.0	0.0	-0.042831995538800516	0.017474649900924583	0.0	0.0	
82.80000000000001 	0.0	0.0	0.0	0.0	-0.006099219665623358	0.04538290543574294	0.0	0.0	
83.0 	0.0	0.0	0.0	0.0	0.03600998105764599	0.02759389362439417	0.0	0.0	
83.2 	0.0	0.0	0.0	0.0	0.04148674365167072	-0.01739167677925172	0.0	0.0	
83.4 	0.0	0.0	0.0	0.0	0.005473097939909487	-0.04429298002438197	0.0	0.0	
83.60000000000001 	0.0	0.0	0.0	0.0	-0.0354618045018236	-0.026541393972978645	0.0	0.0	
83.80000000000001 	0.0	0.0	0.0	0.0	-0.040354617644427625	0.01750759962258981	0.0	0.0	
84.0 	0.0	0.0	0.0	0.0	-0.004761206317871366	0.04347488306507333	0.0	0.0	
84.2 	0.0	0.0	0.0	0.0	0.03525018961286281	0.02556574610013316	0.0	0.0	
84.4 	0.0	0.0	0.0	0.0	0.039561379810217324	-0.017874127180406443	0.0	0.0	
84.60000000000001 	0.0	0.0	0.0	0.0	0.004124588577664828	-0.043117250309437936	0.0	0.0	
84.80000000000001 	0.0	0.0	0.0	0.0	-0.03529973750649307	-0.024969710730227496	0.0	0.0	
85.0 	0.0	0.0	0.0	0.0	-0.039175251805397646	0.018184195335786118	0.0	0.0	
85.2 	0.0	0.0	0.0	0.0	-0.0037247851020612427	0.04302324923533646	0.0	0.0	
85.4 	0.0	0.0	0.0	0.0	0.03547728062745618	0.024698598672010335	0.0	0.0	
85.60000000000001 	0.0	0.0	0.0	0.0	0.03919238752903759	-0.01842632017503244	0.0	0.0	
85.80000000000001 	0.0	0.0	0.0	0.0	0.003690167871149942	-0.04324190658959906	0.0	0.0	
86.0 	0.0	0.0	0.0	0.0	-0.03562017294553782	-0.024942712006363863	0.0	0.0	
86.2 	0.0	0.0	0.0	0.0	-0.03953996654015888	0.0182961452161102	0.0	0.0	
86.4 	0.0	0.0	0.0	0.0	-0.004092756107320586	0.0434693132481399	0.0	0.0	
86.60000000000001 	0.0	0.0	0.0	0.0	0.03556796665353075	0.025512267234986917	0.0	0.0	
86.80000000000001 	0.0	0.0	0.0	0.0	0.04009326436200612	-0.017844159746498958	0.0	0.0	
87.0 	0.0	0.0	0.0	0.0	0.004939222029368495	-0.04369920109941342	0.0	0.0	
87.2 	0.0	0.0	0.0	0.0	-0.035189462842635855	-0.02646999716819641	0.0	0.0	
87.4 	0.0	0.0	0.0	0.0	-0.04070003186957144	0.016867699029595593	0.0	0.0	
87.60000000000001 	0.0	0.0	0.0	0.0	-0.006174959481868832	0.04362780322790287	0.0	0.0	
87.80000000000001 	0.0	0.0	0.0	0.0	0.03440069003572266	0.02752833452603949	0.0	0.0	
88.0 	0.0	0.0	0.0	0.0	0.04120592056937398	-0.015535139675989228	0.0	0.0	
88.2 	0.0	0.0	0.0	0.0	0.00769774131000662	-0.04329652231895768	0.0	0.0	
88.4 	0.0	0.0	0.0	0.0	-0.03317228915757027	-0.028694151636245915	0.0	0.0	
88.60000000000001 	0.0	0.0	0.0	0.0	-0.04147590766128577	0.013755945128471376	0.0	0.0	
88.80000000000001 	0.0	0.0	0.0	0.0	-0.009376140429145469	0.04248141352091529	0.0	0.0	
89.0 	0.0	0.0	0.0	0.0	0.03152773700595672	0.029667387672373036	0.0	0.0	
89.2 	0.0	0.0	0.0	0.0	0.041409316292163836	-0.011789410649553711	0.0	0.0	
89.4 	0.0	0.0	0.0	0.0	0.011068767222577056	-0.04131911793359428	0.0	0.0	
89.60000000000001 	0.0	0.0	0.0	0.0	-0.029534792922508473	-0.0304802550841848	0.0	0.0	
89.80000000000001 	0.0	0.0	0.0	0.0	-0.04094762817979145	0.009605926150782778	0.0	0.0	
90.0 	0.0	0.0	0.0	0.0	-0.012641171341725339	0.03968096023273877	0.0	0.0	
90.2 	0.0	0.0	0.0	0.0	0.027293259748573925	0.030885729385089	0.0	0.0	
90.4 	0.0	0.0	0.0	0.0	0.04007605709926191	-0.007493812512395262	0.0	0.0	
90.60000000000001 	0.0	0.0	0.0	0.0	0.013978984821399377	-0.037787786647844136	0.0	0.0	
90.80000000000001 	0.0	0.0	0.0	0.0	-0.024921377576948112	-0.030985935424355394	0.0	0.0	
91.0 	0.0	0.0	0.0	0.0	-0.038820147934334304	0.005422824323163336	0.0	0.0	
91.2 	0.0	0.0	0.0	0.0	-0.014996600347010723	0.03557675514796223	0.0	0.0	
91.4 	0.0	0.0	0.0	0.0	0.02254286968920493	0.030610184270411164	0.0	0.0	
91.60000000000001 	0.0	0.0	0.0	0.0	0.037239192955127204	-0.0036564218785898567	0.0	0.0	
91.80000000000001 	0.0	0.0	0.0	0.0	0.015641787552932503	-0.033313115341847534	0.0	0.0	
92.0 	0.0	0.0	0.0	0.0	-0.02027558786857892	-0.029935253244791373	0.0	0.0	
92.2 	0.0	0.0	0.0	0.0	-0.03541771203781589	0.0021214020773482572	0.0	0.0	
92.4 	0.0	0.0	0.0	0.0	-0.01589666261774288	0.030956371428088995	0.0	0.0	
92.60000000000001 	0.0	0.0	0.0	0.0	0.018222510056509007	0.028857050086190616	0.0	0.0	
92.80000000000001 	0.0	0.0	0.0	0.0	0.033456306799554344	-0.0010268302041994406	0.0	0.0	
93.0 	0.0	0.0	0.0	0.0	0.015775917477960394	-0.028773843642879573	0.0	0.0	
93.2 	0.0	0.0	0.0	0.0	-0.016465102268103264	-0.02760701699631943	0.0	0.0	
93.4 	0.0	0.0	0.0	0.0	-0.03146254040666998	0.00023936404584569255	0.0	0.0	
93.60000000000001 	0.0	0.0	0.0	0.0	-0.015322850667087697	0.026709378639082335	0.0	0.0	
93.80000000000001 	0.0	0.0	0.0	0.0	0.015059175639526242	0.026121223928046725	0.0	0.0	
94.0 	0.0	0.0	0.0	0.0	0.029542592967784397	9.249946556710305e-05	0.0	0.0	
94.2 	0.0	0.0	0.0	0.0	0.014604014891999919	-0.025000538107401885	0.0	0.0	
94.4 	0.0	0.0	0.0	0.0	-0.014032901971574925	-0.02465601918808415	0.0	0.0	
94.60000000000001 	0.0	0.0	0.0	0.0	-0.027793921273937486	-0.0001590990806813674	0.0	0.0	
94.80000000000001 	0.0	0.0	0.0	0.0	-0.013702881809190121	0.023550813348062177	0.0	0.0	
95.0 	0.0	0.0	0.0	0.0	0.013386913043682988	0.0231570629262885	0.0	0.0	
95.2 	0.0	0.0	0.0	0.0	0.02629934747652448	-0.0001381440441046243	0.0	0.0	
95.4 	0.0	0.0	0.0	0.0	0.012713179948055512	-0.02255076891225075	0.0	0.0	
95.60000000000001 	0.0	0.0	0.0	0.0	-0.013096041744104944	-0.021876188134850892	0.0	0.0	
95.80000000000001 	0.0	0.0	0.0	0.0	-0.025122578422136534	0.0005682845094016868	0.0	0.0	
96.0 	0.0	0.0	0.0	0.0	-0.011732184569158567	0.02185369294517901	0.0	0.0	
96.2 	0.0	0.0	0.0	0.0	0.01311254278426249	0.020741938654215444	0.0	0.0	
96.4 	0.0	0.0	0.0	0.0	0.02430537882468564	-0.0012003724188911799	0.0	0.0	
96.60000000000001 	0.0	0.0	0.0	0.0	0.010854488473147168	-0.021600284224487728	0.0	0.0	
96.80000000000001 	0.0	0.0	0.0	0.0	-0.01337029905771107	-0.019978822360570494	0.0	0.0	
97.0 	0.0	0.0	0.0	0.0	-0.023866235669133515	0.0017855909839070963	0.0	0.0	
97.2 	0.0	0.0	0.0	0.0	-0.010166421831538356	0.021597077947917483	0.0	0.0	
97.4 	0.0	0.0	0.0	0.0	0.013789798643491143	0.019480220453048393	0.0	0.0	
97.60000000000001 	0.0	0.0	0.0	0.0	0.023800563555819356	-0.0023869549911703382	0.0	0.0	
97.80000000000001 	0.0	0.0	0.0	0.0	0.009741507135283545	-0.021943756772329535	0.0	0.0	
98.0 	0.0	0.0	0.0	0.0	-0.014283380040636003	-0.019430537222530082	0.0	0.0	
98.2 	0.0	0.0	0.0	0.0	-0.024082145080387283	0.0027605965040981457	0.0	0.0	
98.4 	0.0	0.0	0.0	0.0	-0.009636975460608847	0.022413264873805485	0.0	0.0	
98.60000000000001 	0.0	0.0	0.0	0.0	0.01476053766609105	0.019680665904659295	0.0	0.0	
98.80000000000001 	0.0	0.0	0.0	0.0	0.024665714511274275	-0.0029843767262728114	0.0	0.0	
99.0 	0.0	0.0	0.0	0.0	0.009891556086587205	-0.023080503093847356	0.0	0.0	
99.2 	0.0	0.0	0.0	0.0	-0.015132849355158096	-0.020372864019831335	0.0	0.0	
99.4 	0.0	0.0	0.0	0.0	-0.025490287413901802	0.002837323999156978	0.0	0.0	
99.60000000000001 	0.0	0.0	0.0	0.0	-0.010524407088013804	0.023702863294375487	0.0	0.0	
99.80000000000001 	0.0	0.0	0.0	0.0	0.015318399466742379	0.02131832769698995	0.0	0.0	
