0.1486448133841236   0.9991649152618165
18.99210401956327   0.9165109034267913
26.170059506604446   0.815576323987539
30.588812152261426   0.7711059190031153
34.81588672761012   0.7462001967535663
44.49911179577231   0.5903385800950975
50.6563160961465   0.5165109034267913
63.403722748677296   0.4514285128709624
78.66753322872654   0.4532566814231842
85.83436956153753   0.4778611247745532
91.8132259483375   0.5018917035579604
96.62575964914697   0.5371126414166257
102.39127441721496   0.5742034213259005
114.63852538900971   0.6505943597311035
120.94339396923431   0.6797849374214353
140.96105132249727   0.7151847787853691
157.88081054476447   0.7143650598458764
162.17462645678654   0.6827307755369734
168.05932658508198   0.6556156747007706
173.94032913239835   0.6264920478767011
181.67672499245998   0.5920601737989835
185.70603180801027   0.570253320216429
193.94732354700864   0.5337650981035142
201.02634233156516   0.5106670492430453
210.3092074173294   0.48732989014592576
235.42592420206506   0.499151500245942
241.98598749619975   0.5165252500409904
254.51015647015697   0.549916994589277
260.4729679966367   0.5652320052467619
268.984667354145   0.5835239383505493
297.8174417037874   0.5875922282341368
311.537280292589   0.5796822338816929
317.4335867167356   0.5588716729518501
331.61597273576035   0.5259016532229114
355.2878521104151   0.48972968743013023
380.66976297021404   0.4929731401571047
401.09690777188644   0.510050828004591
419.64735838174283   0.5265678799803247
445.5568965540707   0.523874629223867
463.3430594050643   0.5142656583046402
481.10525240724087   0.4916362655080069
508.1322583766156   0.4727059080723617
533.3062561864014   0.4788004657163535
559.4345286832267   0.48746755967611854
585.5480033862749   0.48809649205615757
611.1699815262148   0.479639228197701
637.732953501351   0.4665403419338492
663.8336734174864   0.4602408740628122
689.9498746196405   0.46235084075713695
717.0794429750711   0.46229026616385216
742.1715540391092   0.4607460487809726
768.2728678091594   0.4547691623564717
794.3756727501247   0.4496022799730376
820.4843807484006   0.4476419383207382
846.5960253356106   0.4472767517774896
872.1940038940209   0.4442039678635842
898.8127260930137   0.442967550567157
924.918185635677   0.4392426478260222
951.0263007137705   0.436960231930719
977.1364326542164   0.4357733756651613
997.9014171635611   0.4324182242990655