8.463744643429237        0.9806354365922632
24.015101874289115        0.8092193334137638
31.801329682013716        0.7064710609811886
37.90613718411552        0.6507352941176472
43.20094981702189        0.5885838175695602
56.67066416102068        0.47821524591492437
72.64261164136292        0.4464613970588237
93.68537321686273        0.5242988420850628
111.91284225969699        0.6440425241354434
139.50191417445913        0.7306110799149949
182.07247416052613        0.5816457731535354
206.5244671381237        0.5028214480040608
246.19980465852328        0.5363745607359001
293.90701498442206        0.6015560298034739
341.6142253103209        0.5080968071122184
389.3214356362197        0.5128865648324502
437.0286459621185        0.5341709678371145
484.7358562880173        0.4926499533529526
532.4430666139161        0.4838453500303195
580.150276939815        0.4952261713631074
630.5836135700507        0.4719709312351962
671.8472526311529        0.4652328072382864
723.9947444376007        0.47688726535081527
769.0859749765094        0.4599887903142038
818.6863285693089        0.45638178216492087
866.3935388952077        0.4604648259132421
914.1007492211065        0.442801714007521
961.8079595470053        0.44394431573999493
995.3165953711487        0.4543380306960114